      120.000      60.0000
     -31.1000     -30.5773     -30.0546     -29.5319     -29.0092     -28.4865
     -27.9639     -27.4412     -26.9185     -26.3958     -25.8731     -25.3504
     -24.8277     -24.3050     -23.7824     -23.2597     -22.7370     -22.2143
     -21.6916     -21.1689     -20.6462     -20.1235     -19.6008     -19.0781
     -18.5555     -18.0328     -17.5101     -16.9874     -16.4647     -15.9420
     -15.4193     -14.8966     -14.3740     -13.8513     -13.3286     -12.8059
     -12.2832     -11.7605     -11.2378     -10.7151     -10.1924     -9.66975
     -9.14706     -8.62437     -8.10168     -7.57899     -7.05630     -6.53361
     -6.01092     -5.48824     -4.96555     -4.44286     -3.92017     -3.39748
     -2.87479     -2.35210     -1.82941     -1.30672    -0.784030    -0.261340
     0.261340     0.784030      1.30672      1.82941      2.35210      2.87479
      3.39748      3.92017      4.44286      4.96555      5.48824      6.01092
      6.53361      7.05630      7.57899      8.10168      8.62437      9.14706
      9.66975      10.1924      10.7151      11.2378      11.7605      12.2832
      12.8059      13.3286      13.8513      14.3740      14.8966      15.4193
      15.9420      16.4647      16.9874      17.5101      18.0328      18.5555
      19.0781      19.6008      20.1235      20.6462      21.1689      21.6916
      22.2143      22.7370      23.2597      23.7824      24.3050      24.8277
      25.3504      25.8731      26.3958      26.9185      27.4412      27.9639
      28.4865      29.0092      29.5319      30.0546      30.5773      31.1000
      3.50000      3.98475      4.46949      4.95424      5.43898      5.92373
      6.40847      6.89322      7.37797      7.86271      8.34746      8.83220
      9.31695      9.80169      10.2864      10.7712      11.2559      11.7407
      12.2254      12.7102      13.1949      13.6797      14.1644      14.6491
      15.1339      15.6186      16.1034      16.5881      17.0729      17.5576
      18.0424      18.5271      19.0119      19.4966      19.9814      20.4661
      20.9508      21.4356      21.9203      22.4051      22.8898      23.3746
      23.8593      24.3441      24.8288      25.3136      25.7983      26.2831
      26.7678      27.2525      27.7373      28.2220      28.7068      29.1915
      29.6763      30.1610      30.6458      31.1305      31.6152      32.1000
      3.30038      3.24005      3.17881      3.11666      3.05356      2.98949
      2.92443      2.85833      2.79118      2.72297      2.65366      2.58325
      2.51173      2.43908      2.36530      2.29037      2.21429      2.13707
      2.05869      1.97917      1.89852      1.81674      1.73387      1.64993
      1.56497      1.47903      1.39217      1.30448      1.21603      1.12693
      1.03729     0.947260     0.856990     0.766650     0.676420     0.586510
     0.497150     0.408560     0.321010     0.234750     0.150070    0.0672300
   -0.0134500   -0.0916900    -0.167190    -0.239660    -0.308820    -0.374370
    -0.436040    -0.493560    -0.546690    -0.595210    -0.638890    -0.677550
    -0.711010    -0.739120    -0.761770    -0.778840    -0.790260    -0.795990
    -0.795990    -0.790260    -0.778840    -0.761770    -0.739120    -0.711010
    -0.677550    -0.638890    -0.595210    -0.546690    -0.493560    -0.436040
    -0.374370    -0.308820    -0.239660    -0.167190   -0.0916900   -0.0134500
    0.0672300     0.150070     0.234750     0.321010     0.408560     0.497150
     0.586510     0.676420     0.766650     0.856990     0.947260      1.03729
      1.12693      1.21603      1.30448      1.39217      1.47903      1.56497
      1.64993      1.73387      1.81674      1.89852      1.97917      2.05869
      2.13707      2.21429      2.29037      2.36530      2.43908      2.51173
      2.58325      2.65366      2.72297      2.79118      2.85833      2.92443
      2.98949      3.05356      3.11666      3.17881      3.24005      3.30038
      3.13164      3.07633      3.01923      2.96004      2.89860      2.83486
      2.76877      2.70028      2.62936      2.55598      2.48009      2.40169
      2.32076      2.23726      2.15121      2.06256      1.97133      1.87749
      1.78106      1.68205      1.58046      1.47632      1.36966      1.26054
      1.14902      1.03518     0.919100     0.800920     0.680770     0.558830
     0.435270     0.310320     0.184240    0.0572900   -0.0702200    -0.197960
    -0.325570    -0.452660    -0.578810    -0.703600    -0.826580    -0.947300
     -1.06526     -1.18000     -1.29102     -1.39786     -1.50003     -1.59709
     -1.68856     -1.77404     -1.85312     -1.92542     -1.99059     -2.04832
     -2.09834     -2.14040     -2.17430     -2.19986     -2.21698     -2.22555
     -2.22555     -2.21698     -2.19986     -2.17430     -2.14040     -2.09834
     -2.04832     -1.99059     -1.92542     -1.85312     -1.77404     -1.68856
     -1.59709     -1.50003     -1.39786     -1.29102     -1.18000     -1.06526
    -0.947300    -0.826580    -0.703600    -0.578810    -0.452660    -0.325570
    -0.197960   -0.0702200    0.0572900     0.184240     0.310320     0.435270
     0.558830     0.680770     0.800920     0.919100      1.03518      1.14902
      1.26054      1.36966      1.47632      1.58046      1.68205      1.78106
      1.87749      1.97133      2.06257      2.15121      2.23727      2.32076
      2.40169      2.48010      2.55598      2.62936      2.70028      2.76877
      2.83486      2.89860      2.96004      3.01923      3.07633      3.13164
      2.94176      2.89308      2.84091      2.78515      2.72564      2.66232
      2.59511      2.52396      2.44880      2.36959      2.28630      2.19889
      2.10734      2.01161      1.91169      1.80756      1.69920      1.58661
      1.46978      1.34872      1.22347      1.09404     0.960470     0.822850
     0.681260     0.535810     0.386620     0.233890    0.0777900   -0.0814300
    -0.243500    -0.408110    -0.574880    -0.743440    -0.913350     -1.08412
     -1.25525     -1.42617     -1.59629     -1.76499     -1.93164     -2.09555
     -2.25604     -2.41242     -2.56399     -2.71006     -2.84994     -2.98296
     -3.10848     -3.22589     -3.33460     -3.43406     -3.52379     -3.60331
     -3.67225     -3.73023     -3.77698     -3.81225     -3.83586     -3.84770
     -3.84770     -3.83586     -3.81225     -3.77698     -3.73023     -3.67225
     -3.60331     -3.52379     -3.43406     -3.33460     -3.22589     -3.10848
     -2.98296     -2.84994     -2.71006     -2.56399     -2.41242     -2.25604
     -2.09555     -1.93164     -1.76499     -1.59629     -1.42617     -1.25524
     -1.08412    -0.913350    -0.743440    -0.574880    -0.408110    -0.243500
   -0.0814300    0.0777900     0.233890     0.386620     0.535810     0.681260
     0.822850     0.960470      1.09404      1.22347      1.34872      1.46978
      1.58661      1.69920      1.80756      1.91169      2.01161      2.10734
      2.19889      2.28630      2.36959      2.44880      2.52396      2.59511
      2.66232      2.72564      2.78515      2.84091      2.89308      2.94176
      2.73310      2.69195      2.64544      2.59362      2.53635      2.47356
      2.40517      2.33109      2.25126      2.16560      2.07409      1.97667
      1.87331      1.76397      1.64862      1.52725      1.39982      1.26632
      1.12675     0.981120     0.829470     0.671810     0.508200     0.338740
     0.163550   -0.0172600    -0.203480    -0.394920    -0.591270    -0.792250
    -0.997480     -1.20657     -1.41901     -1.63431     -1.85187     -2.07105
     -2.29116     -2.51145     -2.73112     -2.94933     -3.16521     -3.37787
     -3.58636     -3.78976     -3.98712     -4.17751     -4.35999     -4.53367
     -4.69767     -4.85117     -4.99337     -5.12354     -5.24102     -5.34518
     -5.43550     -5.51149     -5.57276     -5.61900     -5.64996     -5.66548
     -5.66548     -5.64996     -5.61900     -5.57276     -5.51149     -5.43550
     -5.34518     -5.24102     -5.12354     -4.99337     -4.85117     -4.69767
     -4.53367     -4.35999     -4.17751     -3.98712     -3.78976     -3.58636
     -3.37787     -3.16521     -2.94933     -2.73112     -2.51145     -2.29116
     -2.07105     -1.85187     -1.63431     -1.41901     -1.20657    -0.997480
    -0.792250    -0.591270    -0.394920    -0.203480   -0.0172600     0.163550
     0.338740     0.508200     0.671810     0.829470     0.981120      1.12675
      1.26632      1.39982      1.52725      1.64863      1.76397      1.87331
      1.97667      2.07409      2.16560      2.25126      2.33109      2.40517
      2.47356      2.53635      2.59362      2.64544      2.69195      2.73310
      2.50796      2.47491      2.43467      2.38730      2.33260      2.27048
      2.20086      2.12362      2.03868      1.94597      1.84543      1.73701
      1.62066      1.49634      1.36401      1.22364      1.07519     0.918650
     0.754000     0.581270     0.400470     0.211630    0.0148200    -0.189840
    -0.402220    -0.622140    -0.849370     -1.08364     -1.32462     -1.57192
     -1.82510     -2.08362     -2.34688     -2.61421     -2.88487     -3.15804
     -3.43280     -3.70821     -3.98324     -4.25679     -4.52775     -4.79495
     -5.05719     -5.31324     -5.56190     -5.80195     -6.03218     -6.25143
     -6.45857     -6.65253     -6.83229     -6.99690     -7.14549     -7.27728
     -7.39156     -7.48774     -7.56530     -7.62383     -7.66303     -7.68268
     -7.68268     -7.66303     -7.62383     -7.56530     -7.48774     -7.39156
     -7.27728     -7.14549     -6.99690     -6.83229     -6.65253     -6.45857
     -6.25143     -6.03218     -5.80195     -5.56190     -5.31324     -5.05719
     -4.79495     -4.52775     -4.25679     -3.98323     -3.70821     -3.43280
     -3.15804     -2.88487     -2.61421     -2.34688     -2.08362     -1.82510
     -1.57192     -1.32462     -1.08364    -0.849370    -0.622140    -0.402220
    -0.189840    0.0148200     0.211630     0.400470     0.581270     0.754000
     0.918650      1.07519      1.22365      1.36401      1.49634      1.62066
      1.73701      1.84543      1.94597      2.03868      2.12362      2.20086
      2.27048      2.33260      2.38730      2.43467      2.47491      2.50796
      2.26824      2.24401      2.21072      2.16832      2.11654      2.05527
      1.98439      1.90377      1.81332      1.71295      1.60261      1.48221
      1.35171      1.21104      1.06019     0.899090     0.727680     0.545960
     0.353900     0.151520   -0.0611700    -0.284150    -0.517330    -0.760540
     -1.01363     -1.27643     -1.54868     -1.83003     -2.12010     -2.41842
     -2.72445     -3.03752     -3.35689     -3.68173     -4.01113     -4.34406
     -4.67938     -5.01592     -5.35237     -5.68737     -6.01953     -6.34736
     -6.66936     -6.98400     -7.28974     -7.58507     -7.86847     -8.13847
     -8.39365     -8.63268     -8.85426     -9.05722     -9.24047     -9.40302
     -9.54400     -9.66266     -9.75836     -9.83058     -9.87894     -9.90318
     -9.90318     -9.87894     -9.83058     -9.75836     -9.66266     -9.54400
     -9.40302     -9.24047     -9.05722     -8.85426     -8.63268     -8.39365
     -8.13847     -7.86847     -7.58507     -7.28974     -6.98400     -6.66936
     -6.34736     -6.01953     -5.68737     -5.35237     -5.01592     -4.67938
     -4.34406     -4.01113     -3.68173     -3.35689     -3.03752     -2.72445
     -2.41842     -2.12010     -1.83003     -1.54868     -1.27643     -1.01363
    -0.760540    -0.517330    -0.284150   -0.0611700     0.151520     0.353900
     0.545960     0.727680     0.899090      1.06019      1.21104      1.35171
      1.48221      1.60261      1.71296      1.81332      1.90377      1.98439
      2.05527      2.11654      2.16832      2.21072      2.24401      2.26824
      2.01587      2.00145      1.97589      1.93906      1.89060      1.83037
      1.75824      1.67404      1.57769      1.46909      1.34815      1.21481
      1.06901     0.910670     0.739750     0.556190     0.359900     0.150890
   -0.0709000    -0.305480    -0.552790    -0.812790     -1.08542     -1.37052
     -1.66794     -1.97747     -2.29881     -2.63157     -2.97531     -3.32945
     -3.69334     -4.06622     -4.44717     -4.83519     -5.22918     -5.62788
     -6.02992     -6.43384     -6.83807     -7.24093     -7.64069     -8.03554
     -8.42364     -8.80310     -9.17203     -9.52856     -9.87082     -10.1970
     -10.5054     -10.7943     -11.0623     -11.3077     -11.5293     -11.7259
     -11.8964     -12.0400     -12.1557     -12.2431     -12.3016     -12.3309
     -12.3309     -12.3016     -12.2431     -12.1557     -12.0400     -11.8964
     -11.7259     -11.5293     -11.3077     -11.0623     -10.7943     -10.5054
     -10.1970     -9.87082     -9.52856     -9.17203     -8.80310     -8.42364
     -8.03554     -7.64069     -7.24093     -6.83807     -6.43384     -6.02992
     -5.62788     -5.22918     -4.83519     -4.44717     -4.06622     -3.69334
     -3.32945     -2.97531     -2.63157     -2.29881     -1.97747     -1.66794
     -1.37052     -1.08542    -0.812790    -0.552780    -0.305480   -0.0709000
     0.150890     0.359900     0.556190     0.739750     0.910670      1.06901
      1.21481      1.34815      1.46909      1.57769      1.67404      1.75824
      1.83037      1.89060      1.93906      1.97589      2.00145      2.01587
      1.75311      1.74969      1.73277      1.70217      1.65746      1.59850
      1.52514      1.43719      1.33457      1.21715      1.08488     0.937650
     0.775410     0.598060     0.405570     0.197830   -0.0252400    -0.263660
    -0.517490    -0.786680     -1.07123     -1.37115     -1.68637     -2.01676
     -2.36213     -2.72228     -3.09686     -3.48542     -3.88747     -4.30233
     -4.72926     -5.16735     -5.61552     -6.07259     -6.53724     -7.00797
     -7.48314     -7.96099     -8.43963     -8.91705     -9.39115     -9.85975
     -10.3206     -10.7714     -11.2100     -11.6339     -12.0410     -12.4291
     -12.7962     -13.1401     -13.4590     -13.7512     -14.0151     -14.2492
     -14.4523     -14.6232     -14.7610     -14.8651     -14.9347     -14.9697
     -14.9697     -14.9347     -14.8651     -14.7610     -14.6232     -14.4523
     -14.2492     -14.0151     -13.7512     -13.4590     -13.1401     -12.7962
     -12.4291     -12.0410     -11.6339     -11.2100     -10.7714     -10.3206
     -9.85975     -9.39115     -8.91705     -8.43963     -7.96099     -7.48313
     -7.00797     -6.53724     -6.07259     -5.61552     -5.16735     -4.72926
     -4.30233     -3.88746     -3.48542     -3.09686     -2.72228     -2.36213
     -2.01676     -1.68637     -1.37115     -1.07123    -0.786680    -0.517490
    -0.263660   -0.0252400     0.197830     0.405570     0.598060     0.775410
     0.937650      1.08488      1.21715      1.33457      1.43719      1.52514
      1.59850      1.65746      1.70217      1.73277      1.74969      1.75311
      1.48262      1.49151      1.48422      1.46057      1.42010      1.36267
      1.28811      1.19625      1.08699     0.960220     0.815850     0.653810
     0.474000     0.276340    0.0607800    -0.172820    -0.424550    -0.694380
    -0.982390     -1.28861     -1.61307     -1.95582     -2.31680     -2.69586
     -3.09284     -3.50752     -3.93952     -4.38834     -4.85343     -5.33403
     -5.82929     -6.33814     -6.85935     -7.39152     -7.93313     -8.48239
     -9.03737     -9.59599     -10.1560     -10.7150     -11.2705     -11.8199
     -12.3605     -12.8895     -13.4044     -13.9023     -14.3805     -14.8366
     -15.2679     -15.6721     -16.0469     -16.3904     -16.7005     -16.9757
     -17.2144     -17.4153     -17.5773     -17.6996     -17.7814     -17.8225
     -17.8225     -17.7814     -17.6996     -17.5773     -17.4153     -17.2144
     -16.9757     -16.7005     -16.3904     -16.0469     -15.6721     -15.2679
     -14.8366     -14.3805     -13.9023     -13.4044     -12.8895     -12.3605
     -11.8199     -11.2705     -10.7150     -10.1560     -9.59599     -9.03737
     -8.48239     -7.93313     -7.39152     -6.85934     -6.33814     -5.82929
     -5.33403     -4.85343     -4.38834     -3.93952     -3.50752     -3.09284
     -2.69586     -2.31680     -1.95582     -1.61307     -1.28861    -0.982390
    -0.694380    -0.424550    -0.172820    0.0607800     0.276340     0.474000
     0.653810     0.815860     0.960220      1.08699      1.19625      1.28811
      1.36267      1.42010      1.46057      1.48422      1.49151      1.48262
      1.20752      1.23006      1.23344      1.21750      1.18178      1.12615
      1.05046     0.954530     0.838270     0.701590     0.544410     0.366620
     0.168160   -0.0511100    -0.291220    -0.552300    -0.834380     -1.13755
     -1.46193     -1.80761     -2.17464     -2.56310     -2.97295     -3.40409
     -3.85633     -4.32947     -4.82310     -5.33669     -5.86963     -6.42108
     -6.99006     -7.57537     -8.17560     -8.78915     -9.41422     -10.0488
     -10.6905     -11.3370     -11.9856     -12.6335     -13.2778     -13.9153
     -14.5429     -15.1574     -15.7556     -16.3342     -16.8902     -17.4203
     -17.9218     -18.3918     -18.8276     -19.2269     -19.5875     -19.9074
     -20.1848     -20.4183     -20.6066     -20.7487     -20.8439     -20.8916
     -20.8916     -20.8439     -20.7487     -20.6066     -20.4183     -20.1848
     -19.9074     -19.5875     -19.2269     -18.8276     -18.3918     -17.9218
     -17.4203     -16.8902     -16.3342     -15.7556     -15.1574     -14.5429
     -13.9153     -13.2778     -12.6335     -11.9856     -11.3370     -10.6905
     -10.0488     -9.41422     -8.78915     -8.17560     -7.57537     -6.99006
     -6.42108     -5.86963     -5.33669     -4.82310     -4.32947     -3.85633
     -3.40409     -2.97295     -2.56309     -2.17464     -1.80761     -1.46193
     -1.13755    -0.834380    -0.552300    -0.291220   -0.0511100     0.168160
     0.366620     0.544410     0.701590     0.838270     0.954530      1.05046
      1.12615      1.18178      1.21750      1.23344      1.23006      1.20752
     0.931310     0.968880     0.983970     0.976520     0.946060     0.892500
     0.815730     0.715570     0.591980     0.444850     0.274120    0.0796900
    -0.138510    -0.380650    -0.646640    -0.936630     -1.25079     -1.58925
     -1.95217     -2.33969     -2.75189     -3.18890     -3.65074     -4.13731
     -4.64845     -5.18398     -5.74348     -6.32639     -6.93204     -7.55951
     -8.20773     -8.87533     -9.56073     -10.2621     -10.9773     -11.7041
     -12.4398     -13.1816     -13.9263     -14.6708     -15.4115     -16.1448
     -16.8670     -17.5744     -18.2632     -18.9296     -19.5699     -20.1806
     -20.7582     -21.2996     -21.8015     -22.2614     -22.6766     -23.0449
     -23.3643     -23.6330     -23.8497     -24.0133     -24.1227     -24.1776
     -24.1776     -24.1227     -24.0133     -23.8497     -23.6330     -23.3643
     -23.0449     -22.6766     -22.2614     -21.8015     -21.2996     -20.7582
     -20.1806     -19.5699     -18.9296     -18.2632     -17.5744     -16.8670
     -16.1448     -15.4115     -14.6708     -13.9263     -13.1816     -12.4398
     -11.7041     -10.9773     -10.2621     -9.56072     -8.87533     -8.20773
     -7.55951     -6.93204     -6.32639     -5.74348     -5.18398     -4.64845
     -4.13731     -3.65074     -3.18890     -2.75189     -2.33969     -1.95217
     -1.58925     -1.25079    -0.936630    -0.646640    -0.380650    -0.138510
    0.0796900     0.274120     0.444850     0.591980     0.715570     0.815730
     0.892500     0.946060     0.976520     0.983970     0.968880     0.931310
     0.657870     0.711830     0.739700     0.741490     0.716800     0.665580
     0.587760     0.483230     0.351940     0.193820   0.00882000    -0.203150
    -0.442140    -0.708180     -1.00129     -1.32170     -1.66966     -2.04530
     -2.44886     -2.88054     -3.34045     -3.82881     -4.34568     -4.89100
     -5.46465     -6.06648     -6.69608     -7.35285     -8.03610     -8.74484
     -9.47787     -10.2337     -11.0105     -11.8063     -12.6186     -13.4448
     -14.2819     -15.1266     -15.9752     -16.8241     -17.6691     -18.5061
     -19.3308     -20.1387     -20.9256     -21.6869     -22.4185     -23.1162
     -23.7761     -24.3944     -24.9677     -25.4928     -25.9667     -26.3871
     -26.7515     -27.0581     -27.3052     -27.4917     -27.6166     -27.6791
     -27.6791     -27.6166     -27.4917     -27.3052     -27.0581     -26.7515
     -26.3871     -25.9667     -25.4928     -24.9677     -24.3944     -23.7761
     -23.1162     -22.4185     -21.6869     -20.9256     -20.1387     -19.3308
     -18.5061     -17.6691     -16.8241     -15.9752     -15.1266     -14.2819
     -13.4448     -12.6186     -11.8063     -11.0105     -10.2337     -9.47787
     -8.74484     -8.03610     -7.35285     -6.69608     -6.06648     -5.46465
     -4.89100     -4.34568     -3.82881     -3.34045     -2.88054     -2.44886
     -2.04530     -1.66966     -1.32170     -1.00129    -0.708170    -0.442140
    -0.203150   0.00882000     0.193820     0.351940     0.483230     0.587760
     0.665580     0.716800     0.741490     0.739700     0.711830     0.657870
     0.391520     0.463190     0.504840     0.516620     0.498170     0.449520
     0.370680     0.261580     0.122230   -0.0474300    -0.247420    -0.477760
    -0.738340     -1.02934     -1.35086     -1.70317     -2.08655     -2.50120
     -2.94744     -3.42551     -3.93562     -4.47804     -5.05290     -5.66022
     -6.29993     -6.97192     -7.67580     -8.41097     -9.17672     -9.97197
     -10.7955     -11.6455     -12.5201     -13.4170     -14.3335     -15.2664
     -16.2125     -17.1679     -18.1284     -19.0897     -20.0472     -20.9960
     -21.9310     -22.8473     -23.7398     -24.6033     -25.4331     -26.2243
     -26.9724     -27.6732     -28.3228     -28.9176     -29.4544     -29.9302
     -30.3426     -30.6894     -30.9690     -31.1799     -31.3210     -31.3918
     -31.3918     -31.3210     -31.1799     -30.9690     -30.6894     -30.3426
     -29.9302     -29.4544     -28.9176     -28.3228     -27.6732     -26.9724
     -26.2243     -25.4331     -24.6033     -23.7398     -22.8473     -21.9310
     -20.9960     -20.0472     -19.0897     -18.1284     -17.1679     -16.2125
     -15.2664     -14.3335     -13.4170     -12.5201     -11.6455     -10.7955
     -9.97197     -9.17672     -8.41097     -7.67580     -6.97192     -6.29993
     -5.66022     -5.05290     -4.47804     -3.93561     -3.42551     -2.94744
     -2.50120     -2.08655     -1.70316     -1.35086     -1.02934    -0.738340
    -0.477760    -0.247420   -0.0474300     0.122230     0.261580     0.370680
     0.449520     0.498170     0.516620     0.504840     0.463190     0.391520
     0.136940     0.227590     0.283990     0.306430     0.294630     0.248740
     0.168860    0.0549700   -0.0928400    -0.274610    -0.490200    -0.739510
     -1.02259     -1.33964     -1.69080     -2.07640     -2.49677     -2.95219
     -3.44305     -3.96966     -4.53231     -5.13140     -5.76714     -6.43961
     -7.14882     -7.89474     -8.67701     -9.49506     -10.3482     -11.2352
     -12.1547     -13.1050     -14.0838     -15.0886     -16.1163     -17.1635
     -18.2263     -19.3003     -20.3808     -21.4628     -22.5410     -23.6096
     -24.6631     -25.6955     -26.7011     -27.6740     -28.6086     -29.4996
     -30.3418     -31.1304     -31.8611     -32.5298     -33.1329     -33.6674
     -34.1304     -34.5197     -34.8334     -35.0699     -35.2282     -35.3076
     -35.3076     -35.2282     -35.0699     -34.8334     -34.5197     -34.1304
     -33.6674     -33.1329     -32.5298     -31.8611     -31.1304     -30.3418
     -29.4996     -28.6086     -27.6740     -26.7011     -25.6955     -24.6631
     -23.6096     -22.5410     -21.4628     -20.3808     -19.3003     -18.2263
     -17.1635     -16.1163     -15.0886     -14.0838     -13.1050     -12.1547
     -11.2352     -10.3482     -9.49506     -8.67701     -7.89474     -7.14882
     -6.43961     -5.76714     -5.13140     -4.53231     -3.96966     -3.44305
     -2.95219     -2.49677     -2.07640     -1.69080     -1.33964     -1.02259
    -0.739510    -0.490200    -0.274610   -0.0928400    0.0549700     0.168860
     0.248740     0.294630     0.306430     0.283990     0.227590     0.136940
    -0.100760    0.0100700    0.0820800     0.115760     0.110950    0.0679300
   -0.0130800    -0.132010    -0.288730    -0.483050    -0.714700    -0.983730
     -1.29020     -1.63434     -2.01633     -2.43653     -2.89538     -3.39321
     -3.93050     -4.50767     -5.12512     -5.78335     -6.48269     -7.22333
     -8.00537     -8.82887     -9.69353     -10.5988     -11.5440     -12.5279
     -13.5491     -14.6057     -15.6951     -16.8145     -17.9607     -19.1296
     -20.3167     -21.5174     -22.7260     -23.9369     -25.1439     -26.3406
     -27.5205     -28.6767     -29.8026     -30.8918     -31.9377     -32.9344
     -33.8760     -34.7572     -35.5732     -36.3195     -36.9922     -37.5880
     -38.1039     -38.5374     -38.8865     -39.1497     -39.3258     -39.4141
     -39.4141     -39.3258     -39.1497     -38.8865     -38.5374     -38.1039
     -37.5880     -36.9922     -36.3195     -35.5732     -34.7572     -33.8760
     -32.9344     -31.9377     -30.8918     -29.8026     -28.6767     -27.5205
     -26.3406     -25.1439     -23.9369     -22.7260     -21.5174     -20.3167
     -19.1296     -17.9607     -16.8145     -15.6951     -14.6057     -13.5491
     -12.5279     -11.5440     -10.5988     -9.69353     -8.82887     -8.00537
     -7.22333     -6.48269     -5.78335     -5.12512     -4.50767     -3.93050
     -3.39321     -2.89538     -2.43653     -2.01632     -1.63434     -1.29020
    -0.983730    -0.714700    -0.483050    -0.288730    -0.132010   -0.0130800
    0.0679300     0.110950     0.115760    0.0820800    0.0100700    -0.100760
    -0.316040    -0.183990   -0.0956100   -0.0502100   -0.0478100   -0.0879500
    -0.170250    -0.294580    -0.460530    -0.667740    -0.916050     -1.20555
     -1.53627     -1.90849     -2.32240     -2.77846     -3.27715     -3.81891
     -4.40433     -5.03395     -5.70827     -6.42796     -7.19346     -8.00510
     -8.86311     -9.76766     -10.7185     -11.7153     -12.7572     -13.8430
     -14.9713     -16.1399     -17.3463     -18.5871     -19.8587     -21.1567
     -22.4761     -23.8112     -25.1561     -26.5039     -27.8479     -29.1805
     -30.4943     -31.7816     -33.0349     -34.2467     -35.4098     -36.5174
     -37.5631     -38.5411     -39.4459     -40.2728     -41.0175     -41.6766
     -42.2469     -42.7258     -43.1113     -43.4017     -43.5960     -43.6934
     -43.6934     -43.5960     -43.4017     -43.1113     -42.7258     -42.2469
     -41.6766     -41.0175     -40.2728     -39.4459     -38.5411     -37.5631
     -36.5174     -35.4098     -34.2467     -33.0349     -31.7816     -30.4943
     -29.1805     -27.8479     -26.5039     -25.1561     -23.8112     -22.4761
     -21.1567     -19.8587     -18.5871     -17.3463     -16.1399     -14.9713
     -13.8430     -12.7572     -11.7153     -10.7185     -9.76766     -8.86311
     -8.00510     -7.19346     -6.42796     -5.70827     -5.03395     -4.40433
     -3.81891     -3.27715     -2.77846     -2.32240     -1.90849     -1.53627
     -1.20554    -0.916050    -0.667740    -0.460530    -0.294580    -0.170250
   -0.0879500   -0.0478100   -0.0502100   -0.0956100    -0.183990    -0.316040
    -0.502730    -0.348770    -0.243450    -0.186020    -0.176310    -0.213670
    -0.297580    -0.427570    -0.602990    -0.823600     -1.08924     -1.39993
     -1.75574     -2.15695     -2.60382     -3.09684     -3.63664     -4.22371
     -4.85879     -5.54255     -6.27565     -7.05889     -7.89291     -8.77817
     -9.71507     -10.7039     -11.7446     -12.8368     -13.9797     -15.1723
     -16.4130     -17.6994     -19.0287     -20.3975     -21.8015     -23.2358
     -24.6949     -26.1723     -27.6611     -29.1538     -30.6423     -32.1184
     -33.5734     -34.9986     -36.3855     -37.7256     -39.0109     -40.2339
     -41.3875     -42.4651     -43.4612     -44.3706     -45.1889     -45.9123
     -46.5376     -47.0624     -47.4846     -47.8025     -48.0150     -48.1215
     -48.1215     -48.0150     -47.8025     -47.4846     -47.0624     -46.5376
     -45.9123     -45.1889     -44.3706     -43.4612     -42.4651     -41.3875
     -40.2339     -39.0109     -37.7256     -36.3855     -34.9986     -33.5734
     -32.1184     -30.6423     -29.1538     -27.6611     -26.1723     -24.6949
     -23.2358     -21.8015     -20.3974     -19.0287     -17.6994     -16.4130
     -15.1723     -13.9797     -12.8368     -11.7446     -10.7039     -9.71506
     -8.77817     -7.89291     -7.05889     -6.27564     -5.54255     -4.85879
     -4.22371     -3.63663     -3.09684     -2.60382     -2.15695     -1.75574
     -1.39993     -1.08924    -0.823600    -0.602990    -0.427570    -0.297580
    -0.213670    -0.176310    -0.186020    -0.243450    -0.348770    -0.502730
    -0.653910    -0.477730    -0.355460    -0.285900    -0.268940    -0.303820
    -0.389580    -0.525450    -0.710840    -0.945450     -1.22906     -1.56167
     -1.94335     -2.37441     -2.85515     -3.38616     -3.96815     -4.60176
     -5.28785     -6.02725     -6.82079     -7.66947     -8.57410     -9.53533
     -10.5537     -11.6298     -12.7636     -13.9549     -15.2030     -16.5069
     -17.8648     -19.2744     -20.7325     -22.2354     -23.7785     -25.3561
     -26.9620     -28.5891     -30.2293     -31.8742     -33.5146     -35.1410
     -36.7436     -38.3126     -39.8384     -41.3116     -42.7230     -44.0645
     -45.3283     -46.5076     -47.5961     -48.5886     -49.4805     -50.2681
     -50.9482     -51.5184     -51.9767     -52.3216     -52.5521     -52.6675
     -52.6675     -52.5521     -52.3216     -51.9767     -51.5184     -50.9482
     -50.2681     -49.4805     -48.5886     -47.5961     -46.5076     -45.3283
     -44.0645     -42.7230     -41.3116     -39.8384     -38.3126     -36.7436
     -35.1409     -33.5146     -31.8742     -30.2293     -28.5891     -26.9620
     -25.3561     -23.7785     -22.2354     -20.7325     -19.2744     -17.8648
     -16.5069     -15.2030     -13.9549     -12.7636     -11.6298     -10.5537
     -9.53533     -8.57409     -7.66947     -6.82079     -6.02725     -5.28785
     -4.60176     -3.96815     -3.38616     -2.85515     -2.37441     -1.94335
     -1.56167     -1.22906    -0.945450    -0.710840    -0.525450    -0.389580
    -0.303820    -0.268940    -0.285900    -0.355460    -0.477730    -0.653910
    -0.762700    -0.564100    -0.425010    -0.343760    -0.319900    -0.352560
    -0.440440    -0.582730    -0.778700     -1.02796     -1.33020     -1.68543
     -2.09371     -2.55538     -3.07081     -3.64069     -4.26583     -4.94700
     -5.68524     -6.48154     -7.33693     -8.25263     -9.22965     -10.2689
     -11.3711     -12.5370     -13.7669     -15.0605     -16.4175     -17.8367
     -19.3164     -20.8542     -22.4466     -24.0895     -25.7777     -27.5052
     -29.2647     -31.0481     -32.8467     -34.6504     -36.4491     -38.2319
     -39.9877     -41.7055     -43.3743     -44.9837     -46.5237     -47.9854
     -49.3603     -50.6412     -51.8216     -52.8962     -53.8605     -54.7107
     -55.4440     -56.0580     -56.5510     -56.9217     -57.1693     -57.2933
     -57.2933     -57.1693     -56.9217     -56.5510     -56.0580     -55.4440
     -54.7107     -53.8605     -52.8962     -51.8216     -50.6412     -49.3603
     -47.9854     -46.5237     -44.9837     -43.3743     -41.7055     -39.9877
     -38.2319     -36.4491     -34.6504     -32.8467     -31.0481     -29.2647
     -27.5051     -25.7777     -24.0895     -22.4466     -20.8542     -19.3164
     -17.8367     -16.4175     -15.0605     -13.7669     -12.5370     -11.3711
     -10.2689     -9.22965     -8.25263     -7.33693     -6.48154     -5.68524
     -4.94700     -4.26583     -3.64069     -3.07081     -2.55538     -2.09371
     -1.68543     -1.33020     -1.02796    -0.778700    -0.582730    -0.440440
    -0.352560    -0.319900    -0.343750    -0.425010    -0.564100    -0.762700
    -0.821750    -0.600970    -0.445380    -0.352860    -0.322680    -0.353710
    -0.444440    -0.593860    -0.801110     -1.06570     -1.38726     -1.76578
     -2.20132     -2.69429     -3.24511     -3.85457     -4.52362     -5.25318
     -6.04446     -6.89866     -7.81701     -8.80098     -9.85184     -10.9707
     -12.1586     -13.4165     -14.7449     -16.1438     -17.6128     -19.1510
     -20.7565     -22.4269     -24.1584     -25.9465     -27.7856     -29.6687
     -31.5879     -33.5340     -35.4968     -37.4654     -39.4278     -41.3720
     -43.2852     -45.1551     -46.9695     -48.7168     -50.3861     -51.9676
     -53.4525     -54.8331     -56.1031     -57.2569     -58.2904     -59.2001
     -59.9834     -60.6385     -61.1638     -61.5585     -61.8219     -61.9537
     -61.9537     -61.8219     -61.5585     -61.1638     -60.6385     -59.9834
     -59.2001     -58.2904     -57.2569     -56.1030     -54.8331     -53.4524
     -51.9676     -50.3861     -48.7168     -46.9695     -45.1551     -43.2852
     -41.3720     -39.4278     -37.4654     -35.4968     -33.5340     -31.5879
     -29.6687     -27.7856     -25.9465     -24.1584     -22.4269     -20.7565
     -19.1510     -17.6128     -16.1438     -14.7449     -13.4165     -12.1586
     -10.9707     -9.85184     -8.80098     -7.81701     -6.89866     -6.04446
     -5.25318     -4.52362     -3.85457     -3.24511     -2.69429     -2.20132
     -1.76578     -1.38726     -1.06569    -0.801110    -0.593860    -0.444440
    -0.353710    -0.322680    -0.352860    -0.445380    -0.600970    -0.821750
    -0.823500    -0.581260    -0.409900    -0.306840    -0.271160    -0.301400
    -0.395890    -0.553290    -0.772590     -1.05322     -1.39477     -1.79721
     -2.26063     -2.78547     -3.37223     -4.02183     -4.73535     -5.51389
     -6.35883     -7.27162     -8.25371     -9.30684     -10.4326     -11.6323
     -12.9073     -14.2588     -15.6877     -17.1940     -18.7777     -20.4379
     -22.1726     -23.9794     -25.8542     -27.7921     -29.7868     -31.8307
     -33.9148     -36.0288     -38.1611     -40.2991     -42.4296     -44.5387
     -46.6121     -48.6360     -50.5966     -52.4814     -54.2785     -55.9773
     -57.5688     -59.0452     -60.4001     -61.6283     -62.7260     -63.6904
     -64.5192     -65.2113     -65.7655     -66.1815     -66.4590     -66.5977
     -66.5977     -66.4590     -66.1815     -65.7655     -65.2113     -64.5192
     -63.6904     -62.7260     -61.6283     -60.4001     -59.0452     -57.5688
     -55.9773     -54.2785     -52.4814     -50.5966     -48.6360     -46.6121
     -44.5387     -42.4296     -40.2991     -38.1611     -36.0288     -33.9148
     -31.8307     -29.7868     -27.7921     -25.8542     -23.9794     -22.1726
     -20.4378     -18.7777     -17.1940     -15.6877     -14.2588     -12.9073
     -11.6323     -10.4326     -9.30684     -8.25370     -7.27162     -6.35883
     -5.51389     -4.73535     -4.02183     -3.37223     -2.78547     -2.26063
     -1.79721     -1.39477     -1.05322    -0.772590    -0.553290    -0.395890
    -0.301400    -0.271160    -0.306840    -0.409900    -0.581260    -0.823500
    -0.760190    -0.497800    -0.311910    -0.199760    -0.159890    -0.190220
    -0.289160    -0.455430    -0.687640    -0.985070     -1.34727     -1.77422
     -2.26602     -2.82319     -3.44631     -4.13641     -4.89476     -5.72259
     -6.62153     -7.59325     -8.63948     -9.76224     -10.9634     -12.2446
     -13.6076     -15.0539     -16.5845     -18.2000     -19.9003     -21.6846
     -23.5512     -25.4973     -27.5188     -29.6102     -31.7645     -33.9734
     -36.2266     -38.5125     -40.8181     -43.1292     -45.4306     -47.7066
     -49.9411     -52.1187     -54.2243     -56.2439     -58.1649     -59.9763
     -61.6687     -63.2345     -64.6675     -65.9633     -67.1186     -68.1311
     -68.9998     -69.7237     -70.3027     -70.7367     -71.0259     -71.1705
     -71.1705     -71.0259     -70.7367     -70.3027     -69.7237     -68.9998
     -68.1311     -67.1186     -65.9633     -64.6675     -63.2345     -61.6687
     -59.9763     -58.1649     -56.2439     -54.2243     -52.1187     -49.9411
     -47.7066     -45.4306     -43.1292     -40.8181     -38.5125     -36.2266
     -33.9734     -31.7645     -29.6102     -27.5188     -25.4973     -23.5512
     -21.6846     -19.9003     -18.2000     -16.5845     -15.0539     -13.6076
     -12.2446     -10.9634     -9.76224     -8.63947     -7.59325     -6.62153
     -5.72259     -4.89475     -4.13641     -3.44631     -2.82319     -2.26602
     -1.77422     -1.34727    -0.985070    -0.687640    -0.455430    -0.289160
    -0.190220    -0.159890    -0.199760    -0.311910    -0.497800    -0.760190
    -0.624080    -0.343500    -0.145100   -0.0256600    0.0170100   -0.0147200
    -0.119040    -0.294830    -0.540800    -0.855790     -1.23929     -1.69129
     -2.21191     -2.80174     -3.46146     -4.19223     -4.99549     -5.87266
     -6.82562     -7.85626     -8.96660     -10.1590     -11.4357     -12.7986
     -14.2498     -15.7913     -17.4243     -19.1496     -20.9676     -22.8775
     -24.8777     -26.9653     -29.1358     -31.3832     -33.7001     -36.0769
     -38.5023     -40.9631     -43.4446     -45.9306     -48.4040     -50.8470
     -53.2417     -55.5707     -57.8175     -59.9669     -62.0057     -63.9224
     -65.7078     -67.3544     -68.8571     -70.2119     -71.4166     -72.4700
     -73.3716     -74.1216     -74.7206     -75.1690     -75.4676     -75.6167
     -75.6167     -75.4676     -75.1690     -74.7206     -74.1216     -73.3716
     -72.4700     -71.4166     -70.2119     -68.8571     -67.3544     -65.7078
     -63.9224     -62.0057     -59.9669     -57.8175     -55.5707     -53.2417
     -50.8470     -48.4040     -45.9306     -43.4446     -40.9631     -38.5023
     -36.0769     -33.7001     -31.3832     -29.1358     -26.9653     -24.8777
     -22.8775     -20.9676     -19.1496     -17.4243     -15.7913     -14.2498
     -12.7986     -11.4357     -10.1590     -8.96660     -7.85626     -6.82561
     -5.87266     -4.99549     -4.19223     -3.46146     -2.80174     -2.21191
     -1.69128     -1.23929    -0.855790    -0.540800    -0.294830    -0.119040
   -0.0147200    0.0170100   -0.0256600    -0.145100    -0.343500    -0.624080
    -0.407460    -0.111440    0.0968200     0.221590     0.265350     0.230710
     0.119660   -0.0665200    -0.326830    -0.660080     -1.06547     -1.54297
     -2.09274     -2.71543     -3.41181     -4.18321     -5.03122     -5.95748
     -6.96410     -8.05326     -9.22727     -10.4888     -11.8405     -13.2847
     -14.8237     -16.4601     -18.1952     -20.0305     -21.9664     -24.0023
     -26.1368     -28.3667     -30.6874     -33.0925     -35.5735     -38.1200
     -40.7191     -43.3562     -46.0146     -48.6758     -51.3206     -53.9289
     -56.4806     -58.9565     -61.3385     -63.6105     -65.7586     -67.7714
     -69.6398     -71.3575     -72.9198     -74.3242     -75.5695     -76.6555
     -77.5831     -78.3532     -78.9673     -79.4264     -79.7319     -79.8844
     -79.8844     -79.7319     -79.4264     -78.9673     -78.3532     -77.5831
     -76.6555     -75.5695     -74.3242     -72.9198     -71.3575     -69.6398
     -67.7714     -65.7586     -63.6105     -61.3385     -58.9565     -56.4806
     -53.9289     -51.3206     -48.6758     -46.0146     -43.3562     -40.7191
     -38.1200     -35.5735     -33.0925     -30.6874     -28.3667     -26.1367
     -24.0023     -21.9663     -20.0305     -18.1952     -16.4601     -14.8237
     -13.2847     -11.8405     -10.4888     -9.22727     -8.05325     -6.96410
     -5.95748     -5.03122     -4.18321     -3.41181     -2.71543     -2.09274
     -1.54297     -1.06547    -0.660080    -0.326830   -0.0665200     0.119660
     0.230710     0.265350     0.221590    0.0968200    -0.111440    -0.407460
    -0.103110     0.204720     0.420180     0.547950     0.590780     0.551510
     0.432290     0.234510   -0.0406900    -0.392710    -0.820540     -1.32394
     -1.90306     -2.55865     -3.29158     -4.10332     -4.99564     -5.97042
     -7.03000     -8.17685     -9.41360     -10.7433     -12.1689     -13.6932
     -15.3190     -17.0490     -18.8854     -20.8296     -22.8825     -25.0438
     -27.3120     -29.6841     -32.1550     -34.7178     -37.3633     -40.0797
     -42.8528     -45.6660     -48.5005     -51.3355     -54.1492     -56.9190
     -59.6226     -62.2387     -64.7479     -67.1332     -69.3805     -71.4786
     -73.4192     -75.1970     -76.8087     -78.2529     -79.5300     -80.6409
     -81.5876     -82.3722     -82.9968     -83.4633     -83.7733     -83.9280
     -83.9280     -83.7733     -83.4633     -82.9968     -82.3722     -81.5876
     -80.6409     -79.5300     -78.2529     -76.8087     -75.1970     -73.4192
     -71.4786     -69.3805     -67.1332     -64.7479     -62.2387     -59.6226
     -56.9190     -54.1492     -51.3355     -48.5005     -45.6660     -42.8528
     -40.0797     -37.3633     -34.7178     -32.1550     -29.6841     -27.3120
     -25.0438     -22.8825     -20.8296     -18.8854     -17.0490     -15.3190
     -13.6932     -12.1689     -10.7433     -9.41360     -8.17684     -7.03000
     -5.97042     -4.99564     -4.10331     -3.29158     -2.55865     -1.90306
     -1.32394    -0.820540    -0.392710   -0.0406900     0.234510     0.432290
     0.551510     0.590780     0.547960     0.420180     0.204720    -0.103110
     0.295430     0.611480     0.831010     0.959120     0.998740     0.952930
     0.823970     0.613310     0.322170   -0.0488400    -0.499420     -1.02902
     -1.63758     -2.32594     -3.09509     -3.94664     -4.88257     -5.90496
     -7.01640     -8.21967     -9.51774     -10.9140     -12.4118     -14.0144
     -15.7250     -17.5468     -19.4823     -21.5335     -23.7015     -25.9864
     -28.3867     -30.8993     -33.5189     -36.2381     -39.0467     -41.9318
     -44.8774     -47.8649     -50.8732     -53.8787     -56.8570     -59.7826
     -62.6310     -65.3790     -68.0058     -70.4939     -72.8292     -75.0013
     -77.0031     -78.8303     -80.4814     -81.9565     -83.2573     -84.3861
     -85.3461     -86.1402     -86.7714     -87.2423     -87.5551     -87.7111
     -87.7111     -87.5551     -87.2423     -86.7714     -86.1402     -85.3461
     -84.3861     -83.2573     -81.9565     -80.4814     -78.8303     -77.0031
     -75.0013     -72.8292     -70.4939     -68.0058     -65.3790     -62.6310
     -59.7826     -56.8570     -53.8787     -50.8732     -47.8649     -44.8774
     -41.9318     -39.0467     -36.2381     -33.5189     -30.8993     -28.3867
     -25.9864     -23.7015     -21.5335     -19.4823     -17.5468     -15.7250
     -14.0144     -12.4118     -10.9140     -9.51774     -8.21967     -7.01640
     -5.90495     -4.88257     -3.94664     -3.09509     -2.32594     -1.63758
     -1.02902    -0.499420   -0.0488400     0.322170     0.613310     0.823970
     0.952930     0.998740     0.959120     0.831010     0.611480     0.295430
     0.794910      1.11486      1.33496      1.46045      1.49439      1.43998
      1.29956      1.07465     0.766500     0.375720   -0.0974800    -0.653280
     -1.29119     -2.01201     -2.81684     -3.70743     -4.68596     -5.75470
     -6.91653     -8.17452     -9.53195     -10.9927     -12.5603     -14.2387
     -16.0313     -17.9421     -19.9738     -22.1289     -24.4089     -26.8141
     -29.3434     -31.9935     -34.7589     -37.6315     -40.6004     -43.6511
     -46.7661     -49.9245     -53.1024     -56.2735     -59.4103     -62.4846
     -65.4694     -68.3396     -71.0736     -73.6535     -76.0657     -78.3009
     -80.3533     -82.2205     -83.9023     -85.4006     -86.7184     -87.8595
     -88.8279     -89.6276     -90.2624     -90.7356     -91.0495     -91.2061
     -91.2061     -91.0495     -90.7356     -90.2624     -89.6276     -88.8279
     -87.8595     -86.7184     -85.4006     -83.9023     -82.2205     -80.3533
     -78.3009     -76.0657     -73.6535     -71.0736     -68.3396     -65.4694
     -62.4846     -59.4103     -56.2735     -53.1023     -49.9245     -46.7661
     -43.6511     -40.6004     -37.6315     -34.7589     -31.9935     -29.3434
     -26.8141     -24.4089     -22.1289     -19.9738     -17.9421     -16.0313
     -14.2387     -12.5603     -10.9927     -9.53195     -8.17451     -6.91653
     -5.75470     -4.68595     -3.70743     -2.81684     -2.01201     -1.29118
    -0.653270   -0.0974800     0.375720     0.766500      1.07465      1.29956
      1.43998      1.49440      1.46045      1.33496      1.11486     0.794910
      1.40090      1.72034      1.93724      2.05694      2.08255      2.01732
      1.86365      1.62307      1.29685     0.885550     0.389430    -0.192000
    -0.859010     -1.61181     -2.45155     -3.38015     -4.39996     -5.51346
     -6.72380     -8.03433     -9.44868     -10.9711     -12.6056     -14.3564
     -16.2276     -18.2234     -20.3473     -22.6021     -24.9898     -27.5110
     -30.1647     -32.9477     -35.8542     -38.8757     -42.0002     -45.2119
     -48.4914     -51.8154     -55.1572     -58.4875     -61.7755     -64.9902
     -68.1021     -71.0845     -73.9151     -76.5762     -79.0551     -81.3437
     -83.4380     -85.3372     -87.0429     -88.5585     -89.8883     -91.0374
     -92.0108     -92.8135     -93.4498     -93.9236     -94.2378     -94.3943
     -94.3943     -94.2378     -93.9236     -93.4498     -92.8135     -92.0108
     -91.0374     -89.8883     -88.5585     -87.0429     -85.3372     -83.4380
     -81.3437     -79.0551     -76.5762     -73.9151     -71.0845     -68.1021
     -64.9902     -61.7755     -58.4875     -55.1572     -51.8154     -48.4914
     -45.2119     -42.0002     -38.8757     -35.8542     -32.9477     -30.1646
     -27.5110     -24.9898     -22.6021     -20.3473     -18.2234     -16.2276
     -14.3564     -12.6056     -10.9711     -9.44868     -8.03432     -6.72379
     -5.51346     -4.39995     -3.38015     -2.45155     -1.61181    -0.859010
    -0.192000     0.389430     0.885550      1.29685      1.62307      1.86365
      2.01732      2.08255      2.05694      1.93724      1.72034      1.40090
      2.11853      2.43277      2.64253      2.75314      2.76765      2.68930
      2.52052      2.26281      1.91743      1.48493     0.965490     0.358620
    -0.336560     -1.12056     -1.99422     -2.95953     -4.01900     -5.17532
     -6.43188     -7.79234     -9.26064     -10.8414     -12.5390     -14.3582
     -16.3036     -18.3799     -20.5909     -22.9400     -25.4297     -28.0610
     -30.8330     -33.7427     -36.7842     -39.9482     -43.2219     -46.5883
     -50.0257     -53.5085     -57.0071     -60.4889     -63.9199     -67.2660
     -70.4955     -73.5804     -76.4979     -79.2309     -81.7679     -84.1022
     -86.2317     -88.1572     -89.8819     -91.4107     -92.7493     -93.9037
     -94.8801     -95.6841     -96.3207     -96.7943     -97.1081     -97.2644
     -97.2644     -97.1081     -96.7943     -96.3207     -95.6841     -94.8801
     -93.9037     -92.7493     -91.4107     -89.8819     -88.1572     -86.2317
     -84.1022     -81.7679     -79.2309     -76.4979     -73.5804     -70.4955
     -67.2660     -63.9198     -60.4889     -57.0071     -53.5085     -50.0257
     -46.5883     -43.2219     -39.9482     -36.7842     -33.7427     -30.8330
     -28.0610     -25.4297     -22.9400     -20.5909     -18.3799     -16.3036
     -14.3582     -12.5390     -10.8414     -9.26064     -7.79234     -6.43188
     -5.17532     -4.01900     -2.95953     -1.99422     -1.12056    -0.336560
     0.358630     0.965490      1.48493      1.91743      2.26281      2.52052
      2.68930      2.76765      2.75314      2.64253      2.43277      2.11853
      2.95206      3.25638      3.45500      3.55312      3.55368      3.45988
      3.27409      2.99778      2.63217      2.17778      1.63474      1.00250
     0.280160    -0.533800     -1.44017     -2.44063     -3.53784     -4.73469
     -6.03482     -7.44212     -8.96090     -10.5961     -12.3526     -14.2354
     -16.2497     -18.4007     -20.6927     -23.1297     -25.7145     -28.4486
     -31.3314     -34.3601     -37.5284     -40.8268     -44.2416     -47.7544
     -51.3416     -54.9750     -58.6220     -62.2467     -65.8118     -69.2803
     -72.6185     -75.7971     -78.7935     -81.5910     -84.1796     -86.5542
     -88.7144     -90.6626     -92.4037     -93.9436     -95.2894     -96.4481
     -97.4266     -98.2313     -98.8679     -99.3410     -99.6544     -99.8104
     -99.8104     -99.6544     -99.3410     -98.8679     -98.2313     -97.4266
     -96.4481     -95.2894     -93.9436     -92.4037     -90.6626     -88.7144
     -86.5542     -84.1796     -81.5910     -78.7935     -75.7971     -72.6185
     -69.2803     -65.8118     -62.2467     -58.6220     -54.9750     -51.3415
     -47.7544     -44.2416     -40.8268     -37.5284     -34.3600     -31.3314
     -28.4486     -25.7145     -23.1297     -20.6927     -18.4007     -16.2497
     -14.2354     -12.3526     -10.5961     -8.96090     -7.44212     -6.03481
     -4.73469     -3.53784     -2.44063     -1.44016    -0.533800     0.280160
      1.00250      1.63474      2.17778      2.63217      2.99778      3.27409
      3.45988      3.55368      3.55312      3.45500      3.25638      2.95206
      3.90495      4.19471      4.37822      4.46047      4.44423      4.33261
      4.12788      3.83149      3.44461      2.96769      2.40083      1.74339
     0.994420     0.152230    -0.785110     -1.81887     -2.95161     -4.18638
     -5.52701     -6.97768     -8.54296     -10.2281     -12.0385     -13.9795
     -16.0568     -18.2759     -20.6418     -23.1590     -25.8307     -28.6590
     -31.6435     -34.7816     -38.0671     -41.4901     -45.0361     -48.6853
     -52.4124     -56.1868     -59.9729     -63.7313     -67.4216     -71.0042
     -74.4431     -77.7083     -80.7772     -83.6342     -86.2703     -88.6822
     -90.8710     -92.8407     -94.5972     -96.1481     -97.5011     -98.6643
     -99.6453     -100.451     -101.088     -101.561     -101.874     -102.030
     -102.030     -101.874     -101.561     -101.088     -100.451     -99.6453
     -98.6643     -97.5011     -96.1481     -94.5972     -92.8407     -90.8710
     -88.6822     -86.2703     -83.6342     -80.7772     -77.7083     -74.4430
     -71.0042     -67.4216     -63.7313     -59.9729     -56.1868     -52.4124
     -48.6853     -45.0361     -41.4901     -38.0671     -34.7816     -31.6435
     -28.6590     -25.8307     -23.1590     -20.6418     -18.2759     -16.0568
     -13.9795     -12.0385     -10.2281     -8.54296     -6.97768     -5.52701
     -4.18638     -2.95161     -1.81887    -0.785110     0.152230     0.994420
      1.74339      2.40083      2.96769      3.44461      3.83149      4.12789
      4.33261      4.44424      4.46047      4.37822      4.19471      3.90495
      4.97997      5.25070      5.41524      5.47829      5.44242      5.31060
      5.08505      4.76712      4.35794      3.85790      3.26705      2.58468
      1.80974     0.940450   -0.0253600     -1.09015     -2.25588     -3.52560
     -4.90333     -6.39347     -8.00085     -9.73106     -11.5898     -13.5828
     -15.7162     -17.9961     -20.4279     -23.0165     -25.7658     -28.6782
     -31.7539     -34.9905     -38.3818     -41.9177     -45.5831     -49.3572
     -53.2130     -57.1176     -61.0324     -64.9151     -68.7221     -72.4109
     -75.9440     -79.2906     -82.4281     -85.3416     -88.0236     -90.4722
     -92.6897     -94.6814     -96.4547     -98.0178     -99.3796     -100.549
     -101.534     -102.342     -102.980     -103.454     -103.768     -103.924
     -103.924     -103.768     -103.454     -102.980     -102.342     -101.534
     -100.549     -99.3796     -98.0178     -96.4547     -94.6814     -92.6897
     -90.4722     -88.0236     -85.3416     -82.4281     -79.2906     -75.9440
     -72.4109     -68.7221     -64.9151     -61.0324     -57.1176     -53.2130
     -49.3572     -45.5831     -41.9177     -38.3818     -34.9905     -31.7539
     -28.6782     -25.7658     -23.0165     -20.4279     -17.9961     -15.7162
     -13.5828     -11.5898     -9.73106     -8.00085     -6.39346     -4.90333
     -3.52560     -2.25588     -1.09015   -0.0253600     0.940450      1.80974
      2.58468      3.26705      3.85791      4.35794      4.76712      5.08505
      5.31060      5.44242      5.47830      5.41524      5.25070      4.97997
      6.17922      6.42674      6.56860      6.60920      6.55091      6.39656
      6.14829      5.80737      5.37490      4.85121      4.23628      3.52934
      2.72927      1.83416     0.841840    -0.250810     -1.44670     -2.74810
     -4.15917     -5.68450     -7.32915     -9.09899     -11.0000     -13.0383
     -15.2204     -17.5529     -20.0416     -22.6919     -25.5084     -28.4937
     -31.6487     -34.9712     -38.4552     -42.0907     -45.8622     -49.7480
     -53.7197     -57.7424     -61.7751     -65.7724     -69.6878     -73.4763
     -77.0987     -80.5233     -83.7274     -86.6970     -89.4256     -91.9122
     -94.1605     -96.1769     -97.9695     -99.5478     -100.921     -102.099
     -103.090     -103.903     -104.545     -105.021     -105.335     -105.492
     -105.492     -105.335     -105.021     -104.545     -103.903     -103.090
     -102.099     -100.921     -99.5478     -97.9695     -96.1769     -94.1605
     -91.9122     -89.4256     -86.6970     -83.7274     -80.5233     -77.0987
     -73.4763     -69.6878     -65.7724     -61.7751     -57.7424     -53.7197
     -49.7480     -45.8622     -42.0907     -38.4552     -34.9712     -31.6487
     -28.4937     -25.5084     -22.6919     -20.0416     -17.5529     -15.2204
     -13.0383     -11.0000     -9.09899     -7.32915     -5.68450     -4.15917
     -2.74810     -1.44670    -0.250810     0.841850      1.83417      2.72927
      3.52934      4.23628      4.85121      5.37490      5.80738      6.14829
      6.39656      6.55091      6.60920      6.56860      6.42674      6.17922
      7.50430      7.72472      7.84036      7.85538      7.77192      7.59274
      7.31988      6.95457      6.49784      5.95000      5.31097      4.57993
      3.75566      2.83618      1.81920     0.701510    -0.520720     -1.85014
     -3.29048     -4.84639     -6.52310     -8.32672     -10.2635     -12.3399
     -14.5627     -16.9389     -19.4748     -22.1764     -25.0485     -28.0944
     -31.3155     -34.7100     -38.2723     -41.9925     -45.8550     -49.8376
     -53.9110     -58.0387     -62.1775     -66.2796     -70.2956     -74.1782
     -77.8864     -81.3873     -84.6583     -87.6855     -90.4631     -92.9912
     -95.2742     -97.3193     -99.1357     -100.733     -102.122     -103.312
     -104.313     -105.134     -105.781     -106.260     -106.578     -106.736
     -106.736     -106.578     -106.260     -105.781     -105.134     -104.313
     -103.312     -102.122     -100.733     -99.1357     -97.3193     -95.2742
     -92.9912     -90.4631     -87.6855     -84.6583     -81.3873     -77.8864
     -74.1782     -70.2956     -66.2796     -62.1775     -58.0387     -53.9110
     -49.8376     -45.8550     -41.9925     -38.2723     -34.7100     -31.3155
     -28.0944     -25.0485     -22.1764     -19.4748     -16.9389     -14.5627
     -12.3399     -10.2635     -8.32672     -6.52310     -4.84638     -3.29048
     -1.85013    -0.520720     0.701510      1.81920      2.83618      3.75566
      4.57993      5.31097      5.95000      6.49784      6.95457      7.31988
      7.59274      7.77192      7.85538      7.84036      7.72472      7.50430
      8.95637      9.14613      9.23221      9.21858      9.10728      8.90097
      8.60165      8.21054      7.72864      7.15621      6.49313      5.73852
      4.89111      3.94882      2.90927      1.76916     0.524600    -0.828560
     -2.29382     -3.87536     -5.57860     -7.40981     -9.37545     -11.4823
     -13.7373     -16.1478     -18.7207     -21.4622     -24.3776     -27.4709
     -30.7439     -34.1953     -37.8201     -41.6086     -45.5456     -49.6087
     -53.7681     -57.9863     -62.2187     -66.4152     -70.5242     -74.4960
     -78.2875     -81.8648     -85.2043     -88.2924     -91.1234     -93.6979
     -96.0209     -98.1004     -99.9459     -101.568     -102.977     -104.185
     -105.199     -106.031     -106.686     -107.172     -107.493     -107.653
     -107.653     -107.493     -107.172     -106.686     -106.031     -105.199
     -104.185     -102.977     -101.568     -99.9459     -98.1003     -96.0209
     -93.6979     -91.1234     -88.2924     -85.2043     -81.8648     -78.2875
     -74.4960     -70.5242     -66.4152     -62.2187     -57.9863     -53.7681
     -49.6087     -45.5456     -41.6086     -37.8201     -34.1953     -30.7439
     -27.4709     -24.3776     -21.4622     -18.7207     -16.1478     -13.7373
     -11.4822     -9.37545     -7.40981     -5.57860     -3.87536     -2.29382
    -0.828560     0.524600      1.76916      2.90927      3.94882      4.89111
      5.73852      6.49313      7.15621      7.72864      8.21054      8.60165
      8.90097      9.10728      9.21858      9.23221      9.14613      8.95637
      10.5367      10.6922      10.7455      10.7002      10.5584      10.3226
      9.99501      9.57669      9.06870      8.47127      7.78426      7.00673
      6.13733      5.17393      4.11404      2.95426      1.69059     0.318690
     -1.16644     -2.76833     -4.49226     -6.34458     -8.33187     -10.4611
     -12.7394     -15.1746     -17.7736     -20.5432     -23.4892     -26.6159
     -29.9257     -33.4179     -37.0882     -40.9275     -44.9210     -49.0467
     -53.2750     -57.5680     -61.8801     -66.1600     -70.3540     -74.4103
     -78.2834     -81.9380     -85.3491     -88.5026     -91.3925     -94.0197
     -96.3894     -98.5099     -100.391     -102.044     -103.480     -104.709
     -105.743     -106.589     -107.256     -107.750     -108.077     -108.240
     -108.240     -108.077     -107.750     -107.256     -106.589     -105.743
     -104.709     -103.480     -102.044     -100.391     -98.5099     -96.3894
     -94.0197     -91.3925     -88.5026     -85.3491     -81.9379     -78.2834
     -74.4102     -70.3540     -66.1600     -61.8801     -57.5680     -53.2750
     -49.0467     -44.9210     -40.9275     -37.0882     -33.4179     -29.9256
     -26.6159     -23.4892     -20.5432     -17.7736     -15.1746     -12.7394
     -10.4611     -8.33187     -6.34458     -4.49226     -2.76833     -1.16644
     0.318690      1.69059      2.95426      4.11404      5.17393      6.13733
      7.00673      7.78426      8.47127      9.06870      9.57669      9.99501
      10.3226      10.5584      10.7002      10.7455      10.6922      10.5367
      12.2458      12.3639      12.3812      12.3013      12.1262      11.8587
      11.5008      11.0539      10.5189      9.89612      9.18535      8.38562
      7.49552      6.51282      5.43495      4.25843      2.97915      1.59268
    0.0937100     -1.52289     -3.26144     -5.12814     -7.12964     -9.27298
     -11.5656     -14.0153     -16.6295     -19.4150     -22.3782     -25.5239
     -28.8548     -32.3712     -36.0692     -39.9406     -43.9715     -48.1407
     -52.4192     -56.7696     -61.1463     -65.4973     -69.7674     -73.9028
     -77.8560     -81.5890     -85.0754     -88.2997     -91.2552     -93.9423
     -96.3662     -98.5353     -100.460     -102.151     -103.620     -104.877
     -105.934     -106.800     -107.483     -107.988     -108.323     -108.489
     -108.489     -108.323     -107.988     -107.483     -106.800     -105.934
     -104.877     -103.620     -102.151     -100.460     -98.5353     -96.3662
     -93.9423     -91.2552     -88.2997     -85.0754     -81.5890     -77.8560
     -73.9028     -69.7674     -65.4973     -61.1463     -56.7696     -52.4192
     -48.1407     -43.9715     -39.9406     -36.0692     -32.3712     -28.8548
     -25.5238     -22.3782     -19.4150     -16.6295     -14.0153     -11.5656
     -9.27298     -7.12964     -5.12813     -3.26144     -1.52289    0.0937100
      1.59269      2.97915      4.25843      5.43496      6.51282      7.49552
      8.38562      9.18535      9.89613      10.5189      11.0539      11.5008
      11.8587      12.1262      12.3013      12.3812      12.3639      12.2458
      14.0845      14.1621      14.1401      14.0225      13.8113      13.5097
      13.1196      12.6426      12.0797      11.4312      10.6969      9.87573
      8.96630      7.96626      6.87294      5.68276      4.39151      2.99471
      1.48699    -0.137440     -1.88424     -3.75839     -5.76647     -7.91558
     -10.2132     -12.6673     -15.2854     -18.0747     -21.0417     -24.1916
     -27.5279     -31.0511     -34.7585     -38.6428     -42.6910     -46.8834
     -51.1921     -55.5809     -60.0052     -64.4130     -68.7486     -72.9567
     -76.9872     -80.7996     -84.3650     -87.6657     -90.6937     -93.4487
     -95.9351     -98.1612     -100.137     -101.874     -103.383     -104.675
     -105.762     -106.652     -107.354     -107.874     -108.218     -108.389
     -108.389     -108.218     -107.874     -107.354     -106.652     -105.762
     -104.675     -103.383     -101.874     -100.137     -98.1612     -95.9351
     -93.4486     -90.6937     -87.6657     -84.3650     -80.7996     -76.9872
     -72.9567     -68.7486     -64.4130     -60.0051     -55.5809     -51.1921
     -46.8834     -42.6910     -38.6428     -34.7585     -31.0511     -27.5279
     -24.1916     -21.0417     -18.0747     -15.2854     -12.6673     -10.2132
     -7.91558     -5.76647     -3.75839     -1.88423    -0.137430      1.48700
      2.99471      4.39152      5.68276      6.87294      7.96626      8.96630
      9.87573      10.6969      11.4312      12.0797      12.6426      13.1196
      13.5097      13.8113      14.0225      14.1401      14.1621      14.0845
      16.0539      16.0876      16.0229      15.8642      15.6140      15.2755
      14.8512      14.3425      13.7508      13.0762      12.3186      11.4770
      10.5498      9.53445      8.42834      7.22774      5.92834      4.52556
      3.01397      1.38772    -0.359750     -2.23406     -4.24095     -6.38737
     -8.68080     -11.1292     -13.7401     -16.5209     -19.4783     -22.6179
     -25.9436     -29.4566     -33.1549     -37.0323     -41.0773     -45.2716
     -49.5892     -53.9958     -58.4485     -62.8967     -67.2850     -71.5568
     -75.6602     -79.5514     -83.1985     -86.5810     -89.6886     -92.5192
     -95.0767     -97.3684     -99.4041     -101.195     -102.752     -104.086
     -105.208     -106.128     -106.853     -107.391     -107.746     -107.923
     -107.923     -107.746     -107.391     -106.853     -106.128     -105.208
     -104.086     -102.752     -101.195     -99.4040     -97.3684     -95.0767
     -92.5192     -89.6886     -86.5810     -83.1985     -79.5514     -75.6601
     -71.5568     -67.2850     -62.8967     -58.4485     -53.9958     -49.5892
     -45.2716     -41.0773     -37.0323     -33.1549     -29.4566     -25.9436
     -22.6179     -19.4783     -16.5209     -13.7401     -11.1292     -8.68080
     -6.38736     -4.24094     -2.23406    -0.359750      1.38772      3.01397
      4.52556      5.92834      7.22774      8.42835      9.53445      10.5498
      11.4770      12.3186      13.0762      13.7508      14.3425      14.8512
      15.2755      15.6140      15.8642      16.0229      16.0876      16.0539
      18.1552      18.1412      18.0300      17.8266      17.5340      17.1558
      16.6949      16.1530      15.5314      14.8304      14.0500      13.1888
      12.2453      11.2170      10.1009      8.89331      7.58971      6.18548
      4.67510      3.05267      1.31182    -0.554660     -2.55244     -4.68769
     -6.96772     -9.40036     -11.9932     -14.7535     -17.6884     -20.8034
     -24.1029     -27.5888     -31.2598     -35.1109     -39.1319     -43.3065
     -47.6108     -52.0132     -56.4732     -60.9426     -65.3673     -69.6909
     -73.8595     -77.8265     -81.5562     -85.0244     -88.2177     -91.1318
     -93.7686     -96.1346     -98.2388     -100.092     -101.704     -103.087
     -104.251     -105.206     -105.959     -106.518     -106.888     -107.072
     -107.072     -106.888     -106.518     -105.959     -105.206     -104.251
     -103.087     -101.704     -100.092     -98.2388     -96.1346     -93.7686
     -91.1318     -88.2177     -85.0243     -81.5562     -77.8265     -73.8595
     -69.6909     -65.3673     -60.9426     -56.4732     -52.0132     -47.6108
     -43.3065     -39.1319     -35.1109     -31.2598     -27.5888     -24.1029
     -20.8034     -17.6884     -14.7535     -11.9932     -9.40036     -6.96772
     -4.68769     -2.55243    -0.554660      1.31182      3.05267      4.67510
      6.18548      7.58972      8.89331      10.1009      11.2170      12.2453
      13.1888      14.0500      14.8304      15.5314      16.1530      16.6949
      17.1558      17.5340      17.8266      18.0300      18.1412      18.1552
      20.3898      20.3238      20.1616      19.9092      19.5704      19.1495
      18.6495      18.0725      17.4200      16.6924      15.8894      15.0099
      14.0519      13.0130      11.8899      10.6788      9.37516      7.97414
      6.47019      4.85737      3.12932      1.27892    -0.701150     -2.81673
     -5.07428     -7.48142     -10.0456     -12.7740     -15.6737     -18.7505
     -22.0090     -25.4516     -29.0777     -32.8834     -36.8602     -40.9934
     -45.2620     -49.6370     -54.0815     -58.5502     -62.9918     -67.3509
     -71.5729     -75.6088     -79.4187     -82.9741     -86.2577     -89.2617
     -91.9856     -94.4342     -96.6153     -98.5386     -100.214     -101.654
     -102.866     -103.861     -104.647     -105.230     -105.616     -105.808
     -105.808     -105.616     -105.230     -104.647     -103.861     -102.866
     -101.654     -100.214     -98.5385     -96.6153     -94.4342     -91.9856
     -89.2617     -86.2577     -82.9741     -79.4187     -75.6088     -71.5729
     -67.3509     -62.9917     -58.5502     -54.0815     -49.6370     -45.2619
     -40.9934     -36.8602     -32.8834     -29.0777     -25.4516     -22.0090
     -18.7505     -15.6737     -12.7740     -10.0456     -7.48142     -5.07428
     -2.81673    -0.701150      1.27893      3.12933      4.85737      6.47019
      7.97415      9.37517      10.6788      11.8899      13.0130      14.0519
      15.0099      15.8894      16.6924      17.4200      18.0725      18.6495
      19.1495      19.5704      19.9092      20.1616      20.3238      20.3898
      22.7595      22.6360      22.4177      22.1114      21.7221      21.2547
      20.7128      20.0989      19.4144      18.6599      17.8349      16.9382
      15.9677      14.9207      13.7938      12.5831      11.2836      9.89067
      8.39848      6.80111      5.09219      3.26464      1.31124    -0.775500
     -3.00159     -5.37369     -7.89898     -10.5846     -13.4373     -16.4630
     -19.6665     -23.0506     -26.6153     -30.3577     -34.2707     -38.3418
     -42.5523     -46.8766     -51.2814     -55.7254     -60.1609     -64.5349
     -68.7937     -72.8863     -76.7693     -80.4096     -83.7848     -86.8830
     -89.7003     -92.2389     -94.5046     -96.5061     -98.2529     -99.7550
     -101.022     -102.063     -102.886     -103.497     -103.901     -104.103
     -104.103     -103.901     -103.497     -102.886     -102.063     -101.022
     -99.7550     -98.2529     -96.5061     -94.5046     -92.2388     -89.7003
     -86.8830     -83.7848     -80.4096     -76.7693     -72.8863     -68.7936
     -64.5349     -60.1609     -55.7254     -51.2814     -46.8766     -42.5523
     -38.3418     -34.2707     -30.3577     -26.6153     -23.0505     -19.6665
     -16.4630     -13.4373     -10.5846     -7.89898     -5.37369     -3.00158
    -0.775500      1.31124      3.26464      5.09220      6.80111      8.39848
      9.89067      11.2836      12.5831      13.7938      14.9207      15.9677
      16.9382      17.8349      18.6599      19.4144      20.0989      20.7128
      21.2547      21.7221      22.1114      22.4177      22.6360      22.7595
      25.2663      25.0788      24.7977      24.4316      23.9868      23.4688
      22.8821      22.2291      21.5116      20.7300      19.8837      18.9712
      17.9903      16.9380      15.8107      14.6042      13.3135      11.9336
      10.4587      8.88271      7.19930      5.40141      3.48191      1.43351
    -0.751500     -3.07926     -5.55592     -8.18829     -10.9830     -13.9458
     -17.0815     -20.3930     -23.8812     -27.5439     -31.3752     -35.3645
     -39.4957     -43.7464     -48.0872     -52.4812     -56.8849     -61.2492
     -65.5224     -69.6534     -73.5964     -77.3135     -80.7773     -83.9705
     -86.8847     -89.5185     -91.8755     -93.9621     -95.7867     -97.3582
     -98.6857     -99.7777     -100.642     -101.284     -101.709     -101.921
     -101.921     -101.709     -101.284     -100.642     -99.7777     -98.6857
     -97.3582     -95.7867     -93.9621     -91.8755     -89.5185     -86.8847
     -83.9705     -80.7773     -77.3135     -73.5964     -69.6534     -65.5224
     -61.2492     -56.8849     -52.4812     -48.0872     -43.7464     -39.4957
     -35.3645     -31.3752     -27.5439     -23.8812     -20.3930     -17.0815
     -13.9458     -10.9830     -8.18829     -5.55591     -3.07925    -0.751500
      1.43351      3.48192      5.40141      7.19931      8.88271      10.4587
      11.9336      13.3135      14.6042      15.8107      16.9380      17.9903
      18.9712      19.8837      20.7300      21.5116      22.2291      22.8821
      23.4688      23.9868      24.4316      24.7977      25.0788      25.2663
      27.9126      27.6524      27.3006      26.8677      26.3614      25.7884
      25.1534      24.4592      23.7076      22.8988      22.0320      21.1054
      20.1166      19.0620      17.9380      16.7399      15.4627      14.1010
      12.6490      11.1005      9.44905      7.68766      5.80929      3.80674
      1.67261    -0.600900     -3.01944     -5.58889     -8.31542     -11.2045
     -14.2607     -17.4874     -20.8855     -24.4537     -28.1871     -32.0770
     -36.1095     -40.2653     -44.5186     -48.8371     -53.1821     -57.5090
     -61.7697     -65.9147     -69.8971     -73.6759     -77.2185     -80.5018
     -83.5122     -86.2436     -88.6959     -90.8728     -92.7808     -94.4275
     -95.8208     -96.9685     -97.8775     -98.5538     -99.0020     -99.2253
     -99.2253     -99.0020     -98.5538     -97.8775     -96.9685     -95.8208
     -94.4275     -92.7808     -90.8728     -88.6959     -86.2436     -83.5122
     -80.5018     -77.2185     -73.6759     -69.8971     -65.9147     -61.7697
     -57.5090     -53.1821     -48.8371     -44.5186     -40.2653     -36.1095
     -32.0770     -28.1871     -24.4536     -20.8855     -17.4874     -14.2607
     -11.2045     -8.31542     -5.58889     -3.01943    -0.600900      1.67261
      3.80675      5.80929      7.68767      9.44905      11.1005      12.6490
      14.1010      15.4627      16.7399      17.9380      19.0620      20.1166
      21.1054      22.0320      22.8988      23.7076      24.4592      25.1534
      25.7884      26.3614      26.8677      27.3006      27.6524      27.9126
      30.7007      30.3568      29.9243      29.4163      28.8418      28.2086
      27.5217      26.7842      25.9975      25.1616      24.2755      23.3368
      22.3426      21.2892      20.1724      18.9872      17.7284      16.3904
      14.9671      13.4523      11.8394      10.1214      8.29132      6.34210
      4.26650      2.05709    -0.293090     -2.79047     -5.43940     -8.24491
     -11.2115     -14.3424     -17.6388     -21.0998     -24.7217     -28.4969
     -32.4136     -36.4553     -40.5997     -44.8187     -49.0785     -53.3393
     -57.5575     -61.6868     -65.6813     -69.4985     -73.1018     -76.4630
     -79.5624     -82.3884     -84.9361     -87.2056     -89.2006     -90.9264
     -92.3896     -93.5969     -94.5544     -95.2675     -95.7404     -95.9761
     -95.9761     -95.7404     -95.2675     -94.5544     -93.5969     -92.3896
     -90.9264     -89.2006     -87.2056     -84.9361     -82.3884     -79.5624
     -76.4630     -73.1018     -69.4985     -65.6813     -61.6868     -57.5575
     -53.3393     -49.0784     -44.8187     -40.5997     -36.4553     -32.4136
     -28.4969     -24.7217     -21.0998     -17.6388     -14.3424     -11.2115
     -8.24491     -5.43940     -2.79047    -0.293080      2.05710      4.26650
      6.34210      8.29132      10.1214      11.8394      13.4523      14.9671
      16.3904      17.7284      18.9872      20.1724      21.2892      22.3426
      23.3368      24.2755      25.1617      25.9975      26.7842      27.5217
      28.2086      28.8418      29.4163      29.9243      30.3568      30.7007
      33.6321      33.1906      32.6655      32.0724      31.4221      30.7230
      29.9806      29.1976      28.3752      27.5129      26.6089      25.6604
      24.6640      23.6154      22.5101      21.3427      20.1076      18.7989
      17.4104      15.9356      14.3679      12.7002      10.9256      9.03711
      7.02757      4.88976      2.61690     0.202210     -2.36011     -5.07317
     -7.94113     -10.9669     -14.1518     -17.4952     -20.9941     -24.6420
     -28.4289     -32.3405     -36.3576     -40.4560     -44.6060     -48.7732
     -52.9185     -56.9998     -60.9740     -64.7989     -68.4363     -71.8538
     -75.0263     -77.9362     -80.5733     -82.9329     -85.0145     -86.8208
     -88.3560     -89.6253     -90.6335     -91.3852     -91.8843     -92.1331
     -92.1331     -91.8843     -91.3852     -90.6335     -89.6253     -88.3560
     -86.8208     -85.0145     -82.9329     -80.5733     -77.9362     -75.0262
     -71.8538     -68.4363     -64.7989     -60.9739     -56.9998     -52.9185
     -48.7732     -44.6060     -40.4560     -36.3576     -32.3405     -28.4289
     -24.6420     -20.9941     -17.4952     -14.1518     -10.9669     -7.94113
     -5.07317     -2.36010     0.202220      2.61690      4.88977      7.02757
      9.03712      10.9256      12.7002      14.3679      15.9356      17.4104
      18.7989      20.1076      21.3427      22.5101      23.6154      24.6640
      25.6604      26.6089      27.5129      28.3752      29.1976      29.9806
      30.7230      31.4221      32.0724      32.6655      33.1906      33.6321
      36.7077      36.1511      35.5187      34.8291      34.0945      33.3237
      32.5221      31.6919      30.8336      29.9457      29.0259      28.0706
      27.0756      26.0361      24.9469      23.8025      22.5965      21.3231
      19.9756      18.5474      17.0318      15.4215      13.7096      11.8891
      9.95303      7.89425      5.70615      3.38236     0.916890     -1.69514
     -4.45652     -7.36927     -10.4347     -13.6522     -17.0192     -20.5301
     -24.1762     -27.9452     -31.8204     -35.7807     -39.8005     -43.8497
     -47.8939     -51.8955     -55.8151     -59.6128     -63.2505     -66.6938
     -69.9137     -72.8876     -75.5994     -78.0388     -80.2009     -82.0842
     -83.6900     -85.0209     -86.0801     -86.8712     -87.3968     -87.6590
     -87.6590     -87.3968     -86.8711     -86.0801     -85.0209     -83.6900
     -82.0842     -80.2009     -78.0388     -75.5993     -72.8876     -69.9137
     -66.6938     -63.2505     -59.6128     -55.8151     -51.8955     -47.8938
     -43.8497     -39.8005     -35.7807     -31.8204     -27.9452     -24.1762
     -20.5301     -17.0192     -13.6522     -10.4347     -7.36926     -4.45652
     -1.69514     0.916900      3.38237      5.70615      7.89425      9.95303
      11.8891      13.7096      15.4215      17.0318      18.5474      19.9756
      21.3231      22.5965      23.8025      24.9469      26.0361      27.0756
      28.0706      29.0259      29.9457      30.8336      31.6919      32.5221
      33.3237      34.0945      34.8291      35.5187      36.1511      36.7077
      39.9260      39.2324      38.4756      37.6766      36.8487      36.0005
      35.1365      34.2580      33.3642      32.4525      31.5196      30.5609
      29.5715      28.5457      27.4780      26.3620      25.1912      23.9593
      22.6594      21.2846      19.8279      18.2822      16.6403      14.8953
      13.0400      11.0677      8.97159      6.74573      4.38429      1.88246
    -0.764160     -3.55701     -6.49645     -9.58174     -12.8104     -16.1775
     -19.6752     -23.2927     -27.0154     -30.8248     -34.6985     -38.6102
     -42.5296     -46.4236     -50.2567     -53.9920     -57.5933     -61.0261
     -64.2598     -67.2678     -70.0295     -72.5294     -74.7573     -76.7071
     -78.3762     -79.7639     -80.8712     -81.6998     -82.2510     -82.5263
     -82.5263     -82.2510     -81.6998     -80.8712     -79.7639     -78.3761
     -76.7071     -74.7573     -72.5294     -70.0295     -67.2678     -64.2598
     -61.0261     -57.5933     -53.9920     -50.2566     -46.4236     -42.5296
     -38.6101     -34.6985     -30.8247     -27.0154     -23.2927     -19.6752
     -16.1775     -12.8104     -9.58174     -6.49644     -3.55700    -0.764160
      1.88247      4.38430      6.74573      8.97160      11.0677      13.0401
      14.8953      16.6403      18.2822      19.8279      21.2846      22.6594
      23.9593      25.1912      26.3620      27.4780      28.5457      29.5715
      30.5609      31.5196      32.4525      33.3642      34.2580      35.1365
      36.0005      36.8487      37.6766      38.4756      39.2324      39.9260
      43.2821      42.4249      41.5237      40.6015      39.6713      38.7406
      37.8120      36.8850      35.9572      35.0245      34.0821      33.1243
      32.1453      31.1386      30.0979      29.0165      27.8873      26.7034
      25.4579      24.1435      22.7531      21.2793      19.7148      18.0526
      16.2857      14.4069      12.4100      10.2888      8.03774      5.65214
      3.12803     0.462590     -2.34524     -5.29356     -8.37950     -11.5984
     -14.9432     -18.4040     -21.9677     -25.6179     -29.3349     -33.0953
     -36.8726     -40.6370     -44.3569     -47.9989     -51.5291     -54.9147
     -58.1245     -61.1308     -63.9095     -66.4412     -68.7111     -70.7082
     -72.4257     -73.8593     -75.0068     -75.8673     -76.4409     -76.7275
     -76.7275     -76.4409     -75.8673     -75.0068     -73.8593     -72.4257
     -70.7082     -68.7111     -66.4412     -63.9095     -61.1308     -58.1245
     -54.9147     -51.5291     -47.9989     -44.3569     -40.6370     -36.8726
     -33.0953     -29.3349     -25.6179     -21.9677     -18.4040     -14.9432
     -11.5984     -8.37949     -5.29356     -2.34524     0.462600      3.12803
      5.65214      8.03774      10.2888      12.4100      14.4069      16.2857
      18.0526      19.7148      21.2793      22.7531      24.1435      25.4579
      26.7034      27.8873      29.0165      30.0979      31.1386      32.1453
      33.1243      34.0821      35.0245      35.9572      36.8850      37.8120
      38.7406      39.6713      40.6015      41.5237      42.4249      43.2821
      46.7648      45.7124      44.6453      43.5861      42.5458      41.5287
      40.5348      39.5608      38.6018      37.6519      36.7046      35.7530
      34.7900      33.8084      32.8011      31.7607      30.6798      29.5510
      28.3670      27.1203      25.8036      24.4092      22.9298      21.3580
      19.6869      17.9092      16.0184      14.0086      11.8741      9.61033
      7.21341      4.68070      2.01098    -0.795720     -3.73594     -6.80449
     -9.99443     -13.2965     -16.6987     -20.1861     -23.7409     -27.3423
     -30.9662     -34.5863     -38.1739     -41.6987     -45.1297     -48.4358
     -51.5870     -54.5552     -57.3152     -59.8448     -62.1259     -64.1439
     -65.8877     -67.3493     -68.5232     -69.4060     -69.9955     -70.2905
     -70.2905     -69.9955     -69.4060     -68.5232     -67.3493     -65.8877
     -64.1439     -62.1259     -59.8448     -57.3152     -54.5552     -51.5870
     -48.4358     -45.1297     -41.6987     -38.1739     -34.5863     -30.9662
     -27.3423     -23.7409     -20.1861     -16.6987     -13.2965     -9.99442
     -6.80448     -3.73594    -0.795710      2.01099      4.68070      7.21341
      9.61033      11.8741      14.0086      16.0184      17.9092      19.6869
      21.3580      22.9298      24.4092      25.8036      27.1203      28.3670
      29.5510      30.6798      31.7607      32.8011      33.8084      34.7900
      35.7530      36.7046      37.6519      38.6018      39.5608      40.5348
      41.5287      42.5458      43.5861      44.6453      45.7124      46.7648
      50.3517      49.0697      47.8153      46.6069      45.4509      44.3465
      43.2891      42.2715      41.2860      40.3242      39.3780      38.4387
      37.4983      36.5485      35.5815      34.5891      33.5637      32.4974
      31.3824      30.2111      28.9758      27.6687      26.2821      24.8086
      23.2408      21.5716      19.7942      17.9025      15.8908      13.7543
      11.4891      9.09281      6.56405      3.90316      1.11227     -1.80471
     -4.83993     -7.98392     -11.2254     -14.5504     -17.9424     -21.3824
     -24.8484     -28.3165     -31.7606     -35.1530     -38.4650     -41.6677
     -44.7326     -47.6322     -50.3410     -52.8360     -55.0968     -57.1062
     -58.8503     -60.3179     -61.5006     -62.3924     -62.9890     -63.2879
     -63.2879     -62.9890     -62.3924     -61.5006     -60.3179     -58.8503
     -57.1062     -55.0967     -52.8360     -50.3410     -47.6322     -44.7326
     -41.6677     -38.4650     -35.1530     -31.7606     -28.3165     -24.8484
     -21.3823     -17.9424     -14.5504     -11.2254     -7.98391     -4.83993
     -1.80471      1.11228      3.90316      6.56405      9.09281      11.4892
      13.7543      15.8908      17.9025      19.7942      21.5716      23.2408
      24.8086      26.2821      27.6687      28.9758      30.2111      31.3824
      32.4974      33.5637      34.5891      35.5815      36.5485      37.4983
      38.4387      39.3780      40.3242      41.2860      42.2715      43.2891
      44.3465      45.4509      46.6069      47.8153      49.0697      50.3517
      54.0059      52.4591      50.9996      49.6353      48.3626      47.1733
      46.0573      45.0024      43.9967      43.0301      42.0923      41.1729
      40.2624      39.3519      38.4326      37.4960      36.5337      35.5377
      34.4996      33.4117      32.2658      31.0540      29.7683      28.4011
      26.9447      25.3917      23.7350      21.9683      20.0855      18.0818
      15.9531      13.6967      11.3112      8.79698      6.15600      3.39225
     0.511970     -2.47628     -5.56027     -8.72645     -11.9591     -15.2402
     -18.5495     -21.8646     -25.1614     -28.4143     -31.5967     -34.6816
     -37.6418     -40.4512     -43.0846     -45.5188     -47.7327     -49.7076
     -51.4277     -52.8797     -54.0532     -54.9400     -55.5342     -55.8323
     -55.8323     -55.5342     -54.9400     -54.0532     -52.8797     -51.4277
     -49.7076     -47.7327     -45.5188     -43.0846     -40.4512     -37.6418
     -34.6815     -31.5967     -28.4143     -25.1614     -21.8646     -18.5495
     -15.2402     -11.9591     -8.72645     -5.56027     -2.47627     0.511980
      3.39226      6.15601      8.79699      11.3112      13.6967      15.9531
      18.0818      20.0855      21.9683      23.7350      25.3917      26.9447
      28.4011      29.7683      31.0540      32.2658      33.4117      34.4996
      35.5377      36.5337      37.4960      38.4326      39.3519      40.2624
      41.1729      42.0923      43.0301      43.9967      45.0024      46.0573
      47.1733      48.3626      49.6353      50.9996      52.4591      54.0059
      57.6679      55.8296      54.1559      52.6362      51.2525      49.9865
      48.8204      47.7369      46.7207      45.7583      44.8378      43.9469
      43.0744      42.2111      41.3480      40.4753      39.5843      38.6667
      37.7138      36.7175      35.6695      34.5615      33.3852      32.1326
      30.7958      29.3670      27.8387      26.2041      24.4569      22.5917
      20.6042      18.4912      16.2513      13.8845      11.3927      8.77995
      6.05235      3.21820     0.288040     -2.72517     -5.80492     -8.93361
     -12.0918     -15.2584     -18.4107     -21.5245     -24.5748     -27.5362
     -30.3831     -33.0903     -35.6337     -37.9902     -40.1388     -42.0602
     -43.7379     -45.1574     -46.3068     -47.1768     -47.7607     -48.0537
     -48.0537     -47.7607     -47.1768     -46.3068     -45.1574     -43.7379
     -42.0602     -40.1387     -37.9902     -35.6337     -33.0903     -30.3831
     -27.5362     -24.5748     -21.5244     -18.4106     -15.2584     -12.0918
     -8.93361     -5.80491     -2.72517     0.288050      3.21820      6.05235
      8.77996      11.3927      13.8845      16.2513      18.4912      20.6042
      22.5917      24.4569      26.2041      27.8387      29.3670      30.7958
      32.1326      33.3852      34.5615      35.6695      36.7175      37.7138
      38.6667      39.5843      40.4753      41.3480      42.2111      43.0744
      43.9469      44.8378      45.7583      46.7207      47.7369      48.8204
      49.9865      51.2525      52.6362      54.1559      55.8296      57.6679
      61.2502      59.1129      57.2321      55.5696      54.0895      52.7612
      51.5587      50.4595      49.4448      48.4978      47.6043      46.7512
      45.9263      45.1194      44.3211      43.5207      42.7097      41.8796
      41.0204      40.1242      39.1828      38.1873      37.1292      36.0001
      34.7916      33.4954      32.1036      30.6088      29.0040      27.2834
      25.4420      23.4763      21.3843      19.1658      16.8224      14.3579
      11.7786      9.09258      6.31048      3.44507     0.511220     -2.47402
     -5.49039     -8.51728     -11.5328     -14.5138     -17.4364     -20.2763
     -23.0093     -25.6111     -28.0587     -30.3297     -32.4033     -34.2607
     -35.8848     -37.2610     -38.3768     -39.2223     -39.7901     -40.0752
     -40.0752     -39.7901     -39.2223     -38.3768     -37.2610     -35.8848
     -34.2607     -32.4033     -30.3297     -28.0586     -25.6111     -23.0093
     -20.2763     -17.4364     -14.5137     -11.5328     -8.51727     -5.49038
     -2.47402     0.511220      3.44508      6.31048      9.09258      11.7786
      14.3579      16.8224      19.1658      21.3843      23.4763      25.4420
      27.2834      29.0040      30.6088      32.1036      33.4954      34.7916
      36.0001      37.1292      38.1873      39.1828      40.1242      41.0204
      41.8796      42.7097      43.5207      44.3211      45.1194      45.9263
      46.7512      47.6043      48.4978      49.4448      50.4595      51.5587
      52.7612      54.0895      55.5696      57.2321      59.1129      61.2502
      64.6369      62.2283      60.1711      58.3943      56.8427      55.4738
      54.2537      53.1551      52.1558      51.2368      50.3820      49.5775
      48.8107      48.0701      47.3455      46.6267      45.9046      45.1705
      44.4140      43.6270      42.8009      41.9273      40.9968      40.0003
      38.9295      37.7751      36.5285      35.1815      33.7267      32.1572
      30.4675      28.6532      26.7117      24.6424      22.4465      20.1277
      17.6919      15.1475      12.5051      9.77768      6.98026      4.12990
      1.24545     -1.65315     -4.54340     -7.40218     -10.2065     -12.9329
     -15.5578     -18.0581     -20.4115     -22.5967     -24.5934     -26.3833
     -27.9496     -29.2778     -30.3554     -31.1724     -31.7213     -31.9970
     -31.9970     -31.7213     -31.1724     -30.3554     -29.2778     -27.9496
     -26.3833     -24.5934     -22.5966     -20.4115     -18.0581     -15.5578
     -12.9329     -10.2065     -7.40217     -4.54339     -1.65314      1.24545
      4.12991      6.98027      9.77768      12.5051      15.1475      17.6919
      20.1277      22.4465      24.6424      26.7117      28.6532      30.4675
      32.1572      33.7267      35.1815      36.5285      37.7751      38.9295
      40.0003      40.9968      41.9273      42.8009      43.6270      44.4140
      45.1705      45.9046      46.6267      47.3455      48.0702      48.8107
      49.5775      50.3820      51.2368      52.1558      53.1551      54.2537
      55.4738      56.8427      58.3943      60.1711      62.2283      64.6369
      67.6965      65.0922      62.9171      61.0714      59.4839      58.1026
      56.8881      55.8094      54.8420      53.9653      53.1622      52.4180
      51.7197      51.0554      50.4145      49.7868      49.1628      48.5333
      47.8891      47.2212      46.5204      45.7782      44.9846      44.1306
      43.2074      42.2047      41.1130      39.9224      38.6257      37.2150
      35.6829      34.0244      32.2365      30.3175      28.2684      26.0925
      23.7955      21.3858      18.8742      16.2741      13.6009      10.8718
      8.10618      5.32423      2.54739    -0.201670     -2.90080     -5.52541
     -8.05277     -10.4604     -12.7270     -14.8317     -16.7554     -18.4800
     -19.9896     -21.2700     -22.3090     -23.0970     -23.6264     -23.8923
     -23.8923     -23.6264     -23.0970     -22.3090     -21.2700     -19.9896
     -18.4800     -16.7554     -14.8317     -12.7270     -10.4604     -8.05276
     -5.52540     -2.90079    -0.201660      2.54740      5.32424      8.10618
      10.8719      13.6009      16.2741      18.8742      21.3858      23.7955
      26.0925      28.2685      30.3176      32.2365      34.0244      35.6829
      37.2150      38.6257      39.9224      41.1130      42.2047      43.2074
      44.1306      44.9846      45.7782      46.5204      47.2212      47.8891
      48.5333      49.1628      49.7868      50.4145      51.0554      51.7197
      52.4180      53.1622      53.9653      54.8420      55.8094      56.8881
      58.1026      59.4839      61.0714      62.9171      65.0922      67.6965
      70.3131      67.6347      65.4251      63.5699      61.9903      60.6304
      59.4480      58.4109      57.4933      56.6744      55.9366      55.2649
      54.6462      54.0687      53.5215      52.9947      52.4784      51.9636
      51.4410      50.9016      50.3362      49.7354      49.0894      48.3887
      47.6230      46.7820      45.8551      44.8316      43.7024      42.4587
      41.0911      39.5939      37.9632      36.1958      34.2931      32.2576
      30.0942      27.8117      25.4215      22.9377      20.3757      17.7537
      15.0913      12.4094      9.73022      7.07614      4.46977      1.93404
    -0.508450     -2.83574     -5.02623     -7.05988     -8.91826     -10.5840
     -12.0418     -13.2781     -14.2812     -15.0418     -15.5528     -15.8095
     -15.8095     -15.5528     -15.0418     -14.2812     -13.2781     -12.0418
     -10.5840     -8.91825     -7.05988     -5.02622     -2.83573    -0.508440
      1.93405      4.46978      7.07615      9.73023      12.4094      15.0913
      17.7537      20.3757      22.9377      25.4215      27.8117      30.0942
      32.2576      34.2931      36.1958      37.9632      39.5939      41.0911
      42.4587      43.7024      44.8316      45.8551      46.7820      47.6230
      48.3887      49.0894      49.7354      50.3362      50.9016      51.4410
      51.9636      52.4784      52.9947      53.5215      54.0687      54.6462
      55.2649      55.9366      56.6744      57.4933      58.4109      59.4480
      60.6304      61.9903      63.5699      65.4251      67.6347      70.3131
      72.4225      69.8172      67.6693      65.8712      64.3479      63.0454
      61.9234      60.9505      60.1017      59.3565      58.6980      58.1113
      57.5838      57.1036      56.6605      56.2442      55.8455      55.4551
      55.0639      54.6629      54.2427      53.7939      53.3064      52.7700
      52.1736      51.5059      50.7552      49.9100      48.9588      47.8907
      46.6962      45.3673      43.8982      42.2852      40.5284      38.6299
      36.5950      34.4319      32.1531      29.7736      27.3090      24.7785
      22.2029      19.6035      17.0044      14.4279      11.8966      9.43394
      7.06222      4.80332      2.67730     0.704080     -1.09899     -2.71440
     -4.12757     -5.32600     -6.29770     -7.03415     -7.52885     -7.77728
     -7.77728     -7.52885     -7.03415     -6.29770     -5.32599     -4.12756
     -2.71439     -1.09898     0.704090      2.67730      4.80333      7.06223
      9.43395      11.8966      14.4279      17.0044      19.6035      22.2029
      24.7785      27.3090      29.7736      32.1531      34.4319      36.5950
      38.6299      40.5284      42.2852      43.8982      45.3673      46.6962
      47.8907      48.9588      49.9100      50.7552      51.5059      52.1736
      52.7700      53.3064      53.7939      54.2427      54.6629      55.0639
      55.4551      55.8455      56.2442      56.6605      57.1036      57.5838
      58.1113      58.6980      59.3565      60.1017      60.9505      61.9234
      63.0454      64.3479      65.8712      67.6693      69.8172      72.4225
      74.0363      71.6427      69.6490      67.9722      66.5523      65.3429
      64.3091      63.4229      62.6613      62.0059      61.4405      60.9513
      60.5263      60.1542      59.8252      59.5295      59.2579      59.0018
      58.7519      58.4994      58.2351      57.9492      57.6316      57.2714
      56.8567      56.3754      55.8141      55.1595      54.3983      53.5173
      52.5053      51.3521      50.0499      48.5946      46.9835      45.2193
      43.3072      41.2557      39.0780      36.7888      34.4064      31.9513
      29.4449      26.9105      24.3724      21.8542      19.3796      16.9720
      14.6538      12.4471      10.3715      8.44625      6.68896      5.11536
      3.73928      2.57268      1.62728     0.911320     0.430180     0.188850
     0.188850     0.430180     0.911320      1.62728      2.57268      3.73929
      5.11537      6.68897      8.44626      10.3715      12.4471      14.6538
      16.9720      19.3796      21.8542      24.3725      26.9105      29.4449
      31.9513      34.4064      36.7888      39.0780      41.2557      43.3072
      45.2193      46.9835      48.5946      50.0499      51.3521      52.5053
      53.5173      54.3983      55.1595      55.8141      56.3754      56.8567
      57.2714      57.6316      57.9492      58.2351      58.4994      58.7519
      59.0018      59.2580      59.5295      59.8252      60.1542      60.5263
      60.9513      61.4405      62.0059      62.6613      63.4229      64.3091
      65.3429      66.5523      67.9722      69.6490      71.6427      74.0363
      75.2334      73.1529      71.3872      69.8843      68.6097      67.5247
      66.6042      65.8264      65.1687      64.6189      64.1597      63.7798
      63.4689      63.2147      63.0103      62.8448      62.7100      62.5981
      62.4992      62.4057      62.3080      62.1963      62.0607      61.8896
      61.6700      61.3896      61.0320      60.5822      60.0261      59.3441
      58.5267      57.5586      56.4290      55.1363      53.6705      52.0385
      50.2440      48.2935      46.2059      43.9926      41.6760      39.2789
      36.8222      34.3334      31.8369      29.3568      26.9197      24.5491
      22.2661      20.0958      18.0548      16.1632      14.4398      12.8950
      11.5482      10.4065      9.48069      8.78208      8.31000      8.07519
      8.07519      8.31000      8.78208      9.48069      10.4065      11.5482
      12.8950      14.4398      16.1632      18.0548      20.0958      22.2661
      24.5491      26.9197      29.3568      31.8369      34.3334      36.8222
      39.2789      41.6760      43.9926      46.2059      48.2935      50.2440
      52.0385      53.6705      55.1363      56.4290      57.5586      58.5267
      59.3441      60.0261      60.5822      61.0320      61.3896      61.6700
      61.8896      62.0607      62.1963      62.3080      62.4057      62.4992
      62.5981      62.7100      62.8448      63.0103      63.2147      63.4689
      63.7798      64.1597      64.6189      65.1687      65.8264      66.6042
      67.5247      68.6097      69.8843      71.3872      73.1529      75.2334
