      60.0000
      20.9508     -108.489     0.795990
      2.22555
      3.84770
      5.66548
      7.68268
      9.90318
      12.3309
      14.9697
      17.8225
      20.8916
      24.1776
      27.6791
      31.3918
      35.3076
      39.4141
      43.6934
      48.1215
      52.6675
      57.2933
      61.9537
      66.5977
      71.1705
      75.6167
      79.8844
      83.9280
      87.7111
      91.2061
      94.3943
      97.2644
      99.8104
      102.030
      103.924
      105.492
      106.736
      107.653
      108.240
      108.489
      108.389
      107.923
      107.072
      105.808
      104.103
      101.921
      99.2253
      95.9761
      92.1331
      87.6590
      82.5263
      76.7275
      70.2905
      63.2879
      55.8323
      48.0537
      40.0752
      31.9970
      23.8923
      15.8095
      7.77728
    -0.188850
     -8.07519
     0.153727
     0.174628
     0.195368
     0.215924
     0.236272
     0.256385
     0.276233
     0.295788
     0.315018
     0.333897
     0.352397
     0.370494
     0.388175
     0.405437
     0.422293
     0.438770
     0.454933
     0.470865
     0.486679
     0.502515
     0.518507
     0.534785
     0.551433
     0.568495
     0.585967
     0.603827
     0.622033
     0.640551
     0.659334
     0.678335
     0.697506
     0.716759
     0.736043
     0.755281
     0.774386
     0.793290
     0.811921
     0.830210
     0.848100
     0.865545
     0.882482
     0.898842
     0.914524
     0.929396
     0.943211
     0.955706
     0.966532
     0.975538
     0.982997
     0.989906
     0.997781
      1.00793
      1.02086
      1.03635
      1.05377
      1.07253
      1.09217
      1.11243
      1.13335
      1.15486
